#time	xcom	ycom	zcom	vxcom	vycom	vzcom
0.0	-378.0	611.0	-285.0	74.0	-71.9	48.7
14.2857	-377.0	610.0	-284.0	73.6	-71.7	48.1
28.5714	-376.0	609.0	-283.0	73.4	-73.4	50.6
42.8571	-375.0	608.0	-282.0	73.2	-72.6	49.5
57.1429	-374.0	607.0	-282.0	75.2	-73.6	49.0
71.4286	-372.0	606.0	-281.0	74.8	-74.7	50.0
85.7143	-371.0	605.0	-280.0	75.7	-75.5	49.5
100.0	-370.0	604.0	-280.0	73.6	-75.3	50.4
114.286	-369.0	603.0	-279.0	74.3	-75.5	49.5
128.571	-368.0	602.0	-278.0	74.3	-75.0	48.5
142.857	-367.0	601.0	-277.0	74.5	-74.8	48.4
157.143	-366.0	600.0	-277.0	75.7	-76.3	50.6
171.429	-365.0	599.0	-276.0	75.2	-76.4	50.1
185.714	-364.0	598.0	-275.0	74.6	-77.3	51.2
200.0	-363.0	597.0	-275.0	75.1	-76.7	50.3
214.286	-362.0	595.0	-274.0	73.2	-76.6	50.5
228.571	-361.0	594.0	-273.0	75.3	-76.9	48.5
242.857	-360.0	593.0	-273.0	74.8	-77.9	49.1
257.143	-359.0	592.0	-272.0	74.0	-77.4	48.0
271.429	-357.0	591.0	-271.0	73.4	-77.9	49.2
285.714	-356.0	590.0	-270.0	72.8	-79.5	49.1
300.0	-355.0	589.0	-270.0	74.0	-80.9	49.6
314.286	-354.0	588.0	-269.0	72.2	-78.7	48.1
328.571	-353.0	586.0	-268.0	73.8	-80.3	48.8
342.857	-352.0	585.0	-268.0	72.9	-80.7	48.9
357.143	-351.0	584.0	-267.0	72.8	-82.0	47.7
371.429	-350.0	583.0	-266.0	73.0	-81.8	47.5
385.714	-349.0	582.0	-266.0	72.9	-82.2	48.0
400.0	-348.0	581.0	-265.0	71.5	-83.0	48.3
414.286	-347.0	580.0	-264.0	69.9	-81.8	47.1
428.571	-346.0	578.0	-264.0	70.5	-83.4	47.0
442.857	-345.0	577.0	-263.0	69.9	-84.4	47.3
457.143	-344.0	576.0	-262.0	68.5	-84.2	47.2
471.429	-343.0	575.0	-262.0	69.5	-84.5	46.2
485.714	-342.0	574.0	-261.0	68.6	-84.7	48.0
500.0	-341.0	572.0	-260.0	67.3	-84.5	46.8
514.286	-340.0	571.0	-260.0	67.6	-85.0	48.1
528.571	-339.0	570.0	-259.0	66.9	-85.0	48.0
542.857	-338.0	569.0	-258.0	67.1	-85.7	47.5
557.143	-337.0	567.0	-258.0	66.7	-85.1	46.9
571.429	-337.0	566.0	-257.0	64.5	-84.0	46.9
585.714	-336.0	565.0	-256.0	64.7	-84.5	46.6
600.0	-335.0	564.0	-255.0	63.7	-83.7	46.1
614.286	-334.0	563.0	-255.0	63.3	-84.2	47.0
628.571	-333.0	561.0	-254.0	61.6	-83.6	46.4
642.857	-332.0	560.0	-254.0	61.7	-83.8	45.4
657.143	-331.0	559.0	-253.0	59.5	-82.8	45.1
671.429	-330.0	558.0	-252.0	59.9	-82.1	43.3
685.714	-329.0	557.0	-252.0	59.1	-81.7	43.6
700.0	-329.0	556.0	-251.0	58.2	-82.1	43.8
714.286	-328.0	554.0	-250.0	56.6	-81.8	43.5
728.571	-327.0	553.0	-250.0	55.3	-81.3	43.6
742.857	-326.0	552.0	-249.0	55.1	-80.1	41.9
757.143	-325.0	551.0	-249.0	55.3	-81.0	41.9
771.429	-325.0	550.0	-248.0	54.8	-80.2	41.2
785.714	-324.0	549.0	-247.0	52.7	-80.0	42.4
800.0	-323.0	548.0	-247.0	53.3	-79.6	40.3
814.286	-322.0	546.0	-246.0	51.0	-78.5	40.4
828.571	-322.0	545.0	-246.0	50.9	-77.9	41.0
842.857	-321.0	544.0	-245.0	50.0	-76.2	38.8
857.143	-320.0	543.0	-244.0	49.5	-76.4	39.9
871.429	-320.0	542.0	-244.0	48.2	-74.2	40.0
885.714	-319.0	541.0	-243.0	47.8	-74.0	39.2
900.0	-318.0	540.0	-243.0	49.0	-73.9	39.2
914.286	-318.0	539.0	-242.0	47.9	-74.2	40.5
928.571	-317.0	538.0	-242.0	46.6	-73.3	40.9
942.857	-316.0	537.0	-241.0	46.5	-72.2	42.0
957.143	-316.0	536.0	-240.0	47.3	-71.6	41.4
971.429	-315.0	535.0	-240.0	46.0	-72.6	44.3
985.714	-314.0	534.0	-239.0	45.8	-70.0	43.4
1000.0	-314.0	533.0	-238.0	46.8	-70.8	44.3
1014.29	-313.0	532.0	-238.0	45.0	-69.4	45.4
1028.57	-312.0	531.0	-237.0	44.2	-69.1	44.9
1042.86	-312.0	530.0	-236.0	43.3	-67.8	46.5
1057.14	-311.0	529.0	-236.0	43.7	-67.5	47.5
1071.43	-310.0	528.0	-235.0	44.4	-66.0	47.5
1085.71	-310.0	527.0	-234.0	45.1	-65.2	47.1
1100.0	-309.0	526.0	-234.0	45.0	-65.2	49.1
1114.29	-308.0	525.0	-233.0	47.0	-65.4	49.7
1128.57	-308.0	524.0	-232.0	45.7	-64.8	51.0
1142.86	-307.0	523.0	-232.0	45.6	-63.4	49.9
1157.14	-307.0	522.0	-231.0	43.9	-63.3	50.9
1171.43	-306.0	521.0	-230.0	46.6	-64.3	52.7
1185.71	-305.0	520.0	-229.0	46.0	-63.4	52.7
1200.0	-304.0	519.0	-229.0	47.2	-63.8	54.3
1214.29	-304.0	519.0	-228.0	47.7	-61.7	52.9
1228.57	-303.0	518.0	-227.0	47.8	-62.0	54.7
1242.86	-303.0	517.0	-226.0	47.2	-62.6	55.1
1257.14	-302.0	516.0	-225.0	47.8	-62.5	55.7
1271.43	-301.0	515.0	-225.0	46.7	-61.7	56.3
1285.71	-300.0	514.0	-224.0	48.4	-61.1	57.2
1300.0	-300.0	513.0	-223.0	48.8	-60.4	55.4
1314.29	-299.0	512.0	-222.0	51.4	-60.8	55.9
1328.57	-298.0	511.0	-222.0	50.6	-60.3	57.7
1342.86	-298.0	511.0	-221.0	52.1	-59.5	57.5
1357.14	-297.0	510.0	-220.0	52.1	-60.6	58.6
1371.43	-296.0	509.0	-219.0	52.7	-62.2	59.8
1385.71	-295.0	508.0	-218.0	51.8	-60.9	59.2
1400.0	-294.0	507.0	-217.0	55.6	-62.8	60.4
1414.29	-294.0	506.0	-216.0	54.2	-62.0	60.8
1428.57	-293.0	505.0	-216.0	54.8	-61.8	61.4
1442.86	-292.0	504.0	-214.0	55.3	-61.2	60.9
1457.14	-292.0	504.0	-214.0	56.4	-61.7	61.8
1471.43	-291.0	503.0	-213.0	57.9	-63.2	63.3
1485.71	-290.0	502.0	-212.0	57.7	-61.4	61.5
1500.0	-289.0	501.0	-211.0	59.2	-62.6	62.2
1514.29	-288.0	500.0	-210.0	58.1	-62.5	62.6
1528.57	-287.0	499.0	-209.0	59.2	-63.2	63.8
1542.86	-286.0	498.0	-208.0	60.3	-62.3	63.3
1557.14	-286.0	497.0	-207.0	61.4	-62.8	62.6
1571.43	-285.0	496.0	-206.0	60.8	-63.5	63.5
1585.71	-284.0	495.0	-206.0	62.2	-63.2	64.3
1600.0	-283.0	495.0	-205.0	62.4	-64.2	63.8
1614.29	-282.0	494.0	-204.0	62.0	-65.0	66.0
1628.57	-281.0	493.0	-203.0	62.9	-65.1	65.9
1642.86	-280.0	492.0	-202.0	63.5	-65.4	66.7
1657.14	-279.0	491.0	-201.0	63.5	-65.2	66.9
1671.43	-278.0	490.0	-200.0	65.2	-65.9	67.2
1685.71	-277.0	489.0	-199.0	64.8	-67.1	68.0
1700.0	-277.0	488.0	-198.0	65.0	-66.5	67.5
1714.29	-276.0	487.0	-197.0	67.3	-67.6	68.3
1728.57	-275.0	486.0	-196.0	67.4	-66.9	67.7
1742.86	-274.0	485.0	-195.0	67.9	-67.3	69.2
1757.14	-273.0	484.0	-194.0	68.2	-68.1	68.4
1771.43	-272.0	483.0	-193.0	70.0	-69.3	69.7
1785.71	-271.0	482.0	-192.0	70.2	-68.0	68.8
1800.0	-270.0	481.0	-191.0	72.0	-69.1	68.8
1814.29	-269.0	480.0	-190.0	71.1	-68.6	68.6
1828.57	-268.0	479.0	-189.0	72.2	-68.6	69.2
1842.86	-267.0	478.0	-188.0	72.4	-69.2	68.7
1857.14	-265.0	477.0	-187.0	74.5	-70.4	68.8
1871.43	-264.0	476.0	-186.0	75.0	-69.6	70.0
1885.71	-263.0	475.0	-185.0	74.8	-69.2	69.6
1900.0	-262.0	474.0	-184.0	75.9	-70.2	69.8
1914.29	-261.0	473.0	-183.0	75.2	-69.6	69.8
1928.57	-260.0	472.0	-182.0	75.9	-69.7	69.9
1942.86	-259.0	471.0	-181.0	77.9	-71.1	68.7
1957.14	-258.0	470.0	-180.0	77.4	-70.9	69.8
1971.43	-257.0	469.0	-179.0	78.1	-73.1	70.3
1985.71	-256.0	468.0	-178.0	78.9	-72.9	69.5
2000.0	-254.0	467.0	-177.0	79.2	-73.0	70.5
2014.29	-253.0	466.0	-176.0	79.3	-73.4	70.6
2028.57	-252.0	465.0	-175.0	80.8	-75.1	70.3
2042.86	-251.0	464.0	-174.0	80.9	-75.5	70.5
2057.14	-250.0	463.0	-173.0	81.6	-76.7	71.8
2071.43	-249.0	462.0	-172.0	81.5	-77.2	72.3
2085.71	-248.0	461.0	-171.0	83.3	-78.0	72.1
2100.0	-246.0	459.0	-170.0	84.1	-79.3	72.5
2114.29	-245.0	458.0	-169.0	82.9	-79.3	72.7
2128.57	-244.0	457.0	-168.0	84.5	-79.8	73.4
2142.86	-243.0	456.0	-167.0	84.5	-81.4	75.1
2157.14	-241.0	455.0	-166.0	85.3	-81.3	75.4
2171.43	-240.0	454.0	-165.0	86.4	-81.9	74.5
2185.71	-239.0	452.0	-164.0	86.6	-82.0	74.4
2200.0	-238.0	451.0	-163.0	85.6	-82.6	75.3
2214.29	-237.0	450.0	-162.0	85.7	-82.7	74.4
2228.57	-235.0	449.0	-161.0	86.4	-82.0	73.7
2242.86	-234.0	448.0	-160.0	87.1	-83.4	75.0
2257.14	-233.0	447.0	-159.0	87.3	-83.7	75.4
2271.43	-231.0	445.0	-157.0	88.1	-84.3	75.5
2285.71	-230.0	444.0	-156.0	87.4	-84.5	74.6
2300.0	-229.0	443.0	-155.0	86.4	-85.0	75.6
2314.29	-228.0	442.0	-154.0	88.7	-85.1	74.1
2328.57	-227.0	441.0	-153.0	89.4	-85.9	74.6
2342.86	-225.0	439.0	-152.0	89.7	-86.6	75.8
2357.14	-224.0	438.0	-151.0	89.7	-87.4	73.6
2371.43	-223.0	437.0	-150.0	89.0	-88.2	74.9
2385.71	-221.0	436.0	-149.0	89.3	-89.6	75.3
2400.0	-220.0	434.0	-148.0	88.3	-90.7	75.9
2414.29	-219.0	433.0	-147.0	87.7	-90.7	74.6
2428.57	-218.0	432.0	-146.0	88.6	-91.2	73.1
2442.86	-216.0	430.0	-145.0	88.7	-91.2	73.1
2457.14	-215.0	429.0	-144.0	87.0	-92.2	74.9
2471.43	-214.0	428.0	-143.0	88.1	-93.2	74.7
2485.71	-212.0	426.0	-141.0	89.6	-93.8	74.1
2500.0	-211.0	425.0	-140.0	90.4	-94.9	74.8
2514.29	-210.0	424.0	-139.0	90.2	-94.7	74.0
2528.57	-209.0	422.0	-138.0	90.9	-95.3	74.2
2542.86	-207.0	421.0	-137.0	90.3	-95.3	75.4
2557.14	-206.0	420.0	-136.0	92.9	-97.4	75.2
2571.43	-205.0	418.0	-135.0	92.1	-97.1	75.0
2585.71	-203.0	417.0	-134.0	91.6	-98.3	74.7
2600.0	-202.0	416.0	-133.0	92.2	-98.5	75.1
2614.29	-201.0	414.0	-132.0	92.0	-98.5	74.8
2628.57	-199.0	413.0	-131.0	91.3	-97.9	75.3
2642.86	-198.0	411.0	-130.0	91.5	-98.2	75.5
2657.14	-197.0	410.0	-129.0	92.9	-99.3	75.7
2671.43	-195.0	408.0	-128.0	92.8	-99.5	76.6
2685.71	-194.0	407.0	-127.0	93.4	-98.6	74.8
2700.0	-193.0	406.0	-126.0	94.0	-99.2	75.2
2714.29	-191.0	404.0	-124.0	93.8	-100.0	74.9
2728.57	-190.0	403.0	-123.0	94.2	-101.0	75.1
2742.86	-189.0	401.0	-122.0	95.8	-102.0	76.0
2757.14	-187.0	400.0	-121.0	94.8	-101.0	76.2
2771.43	-186.0	398.0	-120.0	95.2	-102.0	75.8
2785.71	-185.0	397.0	-119.0	95.1	-103.0	77.8
2800.0	-183.0	396.0	-118.0	95.6	-103.0	77.5
2814.29	-182.0	394.0	-117.0	96.9	-104.0	77.3
2828.57	-181.0	393.0	-116.0	97.2	-104.0	76.5
2842.86	-179.0	391.0	-115.0	95.7	-105.0	79.1
2857.14	-178.0	390.0	-114.0	97.4	-105.0	77.8
2871.43	-176.0	388.0	-112.0	96.9	-106.0	78.8
2885.71	-175.0	387.0	-111.0	97.0	-107.0	78.8
2900.0	-174.0	385.0	-110.0	98.4	-107.0	78.8
2914.29	-172.0	384.0	-109.0	97.7	-107.0	78.5
2928.57	-171.0	382.0	-108.0	97.8	-108.0	78.9
2942.86	-170.0	380.0	-107.0	98.7	-109.0	79.6
2957.14	-168.0	379.0	-106.0	98.4	-110.0	79.7
2971.43	-167.0	377.0	-104.0	97.9	-111.0	80.0
2985.71	-165.0	376.0	-103.0	98.3	-112.0	81.2
3000.0	-164.0	374.0	-102.0	99.2	-113.0	80.8
3014.29	-162.0	373.0	-101.0	99.1	-113.0	81.2
3028.57	-161.0	371.0	-99.8	99.2	-115.0	81.8
3042.86	-159.0	369.0	-98.7	99.3	-115.0	82.2
3057.14	-158.0	368.0	-97.6	101.0	-116.0	82.2
3071.43	-157.0	366.0	-96.4	101.0	-115.0	82.9
3085.71	-155.0	364.0	-95.1	101.0	-116.0	84.2
3100.0	-154.0	362.0	-93.9	102.0	-117.0	84.2
3114.29	-152.0	361.0	-92.8	103.0	-117.0	83.5
3128.57	-151.0	359.0	-91.9	106.0	-120.0	82.6
3142.86	-149.0	357.0	-90.4	102.0	-120.0	84.6
3157.14	-148.0	356.0	-89.3	104.0	-122.0	84.6
3171.43	-146.0	354.0	-88.1	106.0	-123.0	85.6
3185.71	-145.0	352.0	-86.8	104.0	-122.0	83.5
3200.0	-144.0	351.0	-85.4	103.0	-123.0	84.9
3214.29	-142.0	349.0	-84.3	104.0	-124.0	84.8
3228.57	-141.0	347.0	-83.0	104.0	-125.0	86.3
3242.86	-139.0	345.0	-81.9	105.0	-127.0	86.5
3257.14	-138.0	343.0	-80.6	105.0	-128.0	87.4
3271.43	-136.0	342.0	-79.5	106.0	-129.0	88.0
3285.71	-134.0	340.0	-78.2	108.0	-131.0	88.1
3300.0	-133.0	338.0	-76.8	107.0	-133.0	89.9
3314.29	-131.0	336.0	-75.7	108.0	-134.0	90.2
3328.57	-130.0	334.0	-74.4	109.0	-134.0	88.1
3342.86	-128.0	332.0	-73.0	109.0	-135.0	88.9
3357.14	-127.0	330.0	-71.9	111.0	-137.0	89.7
3371.43	-125.0	328.0	-70.6	112.0	-138.0	88.6
3385.71	-124.0	326.0	-69.2	111.0	-139.0	88.4
3400.0	-122.0	324.0	-68.0	113.0	-140.0	87.4
3414.29	-120.0	322.0	-66.7	113.0	-142.0	87.9
3428.57	-119.0	320.0	-65.4	113.0	-145.0	87.7
3442.86	-117.0	318.0	-64.2	115.0	-146.0	87.7
3457.14	-116.0	316.0	-62.9	116.0	-148.0	87.3
3471.43	-114.0	314.0	-61.7	116.0	-150.0	86.9
3485.71	-112.0	312.0	-60.5	117.0	-154.0	86.7
3500.0	-111.0	310.0	-59.2	118.0	-156.0	86.1
3514.29	-109.0	307.0	-58.0	118.0	-159.0	86.0
3528.57	-107.0	305.0	-56.8	118.0	-161.0	86.6
3542.86	-105.0	303.0	-55.4	118.0	-164.0	87.7
3557.14	-104.0	300.0	-54.3	120.0	-166.0	85.5
3571.43	-102.0	298.0	-53.0	119.0	-168.0	86.4
3585.71	-100.0	296.0	-51.8	121.0	-171.0	85.3
3600.0	-98.7	293.0	-50.6	121.0	-174.0	85.1
3614.29	-96.8	291.0	-49.4	122.0	-178.0	84.9
3628.57	-95.2	288.0	-48.1	124.0	-179.0	83.5
3642.86	-93.5	285.0	-46.9	125.0	-182.0	83.0
3657.14	-91.6	283.0	-45.7	125.0	-186.0	83.1
3671.43	-89.8	280.0	-44.6	126.0	-190.0	81.8
3685.71	-88.1	277.0	-43.4	126.0	-193.0	80.3
3700.0	-86.4	275.0	-42.3	127.0	-197.0	79.4
3714.29	-84.4	272.0	-41.1	127.0	-201.0	79.9
3728.57	-82.6	269.0	-40.0	128.0	-205.0	78.1
3742.86	-80.8	266.0	-38.9	128.0	-211.0	78.1
3757.14	-79.0	263.0	-37.7	127.0	-216.0	77.1
3771.43	-77.1	260.0	-36.7	127.0	-222.0	73.6
3785.71	-75.5	256.0	-35.6	127.0	-228.0	71.5
3800.0	-73.6	253.0	-34.7	126.0	-233.0	70.5
3814.29	-71.8	250.0	-33.7	126.0	-239.0	67.1
3828.57	-70.0	246.0	-32.6	125.0	-246.0	65.4
3842.86	-68.4	243.0	-31.8	126.0	-252.0	59.8
3857.14	-66.5	239.0	-31.0	122.0	-259.0	55.0
3871.43	-64.7	235.0	-30.2	120.0	-268.0	49.7
3885.71	-63.1	231.0	-29.6	115.0	-275.0	42.5
3900.0	-61.6	227.0	-28.9	111.0	-283.0	35.1
3914.29	-60.0	223.0	-28.5	103.0	-291.0	25.9
3928.57	-58.4	219.0	-28.2	95.7	-297.0	15.3
3942.86	-57.3	215.0	-28.1	86.6	-300.0	0.31
3957.14	-56.2	211.0	-28.1	74.6	-302.0	-13.5
3971.43	-55.0	206.0	-28.5	63.4	-301.0	-26.5
3985.71	-54.2	202.0	-29.0	51.8	-295.0	-39.0
4000.0	-53.6	198.0	-29.5	40.6	-285.0	-50.1
4014.29	-53.1	194.0	-30.4	32.7	-276.0	-59.4
4028.57	-52.8	190.0	-31.4	26.1	-264.0	-67.0
4042.86	-52.4	186.0	-32.3	19.3	-253.0	-68.0
4057.14	-52.1	183.0	-33.0	14.6	-243.0	-68.5
4071.43	-52.0	180.0	-34.3	13.3	-232.0	-70.0
4085.71	-51.8	176.0	-35.0	10.7	-220.0	-68.6
4100.0	-51.6	173.0	-36.5	14.2	-212.0	-67.6
4114.29	-51.5	170.0	-37.4	12.8	-202.0	-65.8
4128.57	-51.4	167.0	-38.1	12.7	-195.0	-63.1
4142.86	-51.2	165.0	-39.0	15.1	-187.0	-60.1
4157.14	-50.9	162.0	-40.0	17.0	-179.0	-57.0
4171.43	-50.6	160.0	-41.0	19.4	-174.0	-52.5
4185.71	-50.6	157.0	-41.1	16.5	-168.0	-49.8
4200.0	-50.1	155.0	-42.4	20.5	-163.0	-46.7
4214.29	-50.1	152.0	-42.6	21.0	-159.0	-42.5
4228.57	-49.9	150.0	-43.1	20.7	-152.0	-39.5
4242.86	-49.4	148.0	-43.8	23.3	-148.0	-35.3
4257.14	-49.0	146.0	-44.5	23.4	-144.0	-33.2
4271.43	-48.8	144.0	-44.8	24.4	-141.0	-29.8
4285.71	-48.4	142.0	-45.4	25.7	-136.0	-26.4
4300.0	-48.2	140.0	-45.5	22.5	-132.0	-24.4
4314.29	-47.8	138.0	-46.0	23.8	-128.0	-22.4
4328.57	-47.6	137.0	-46.1	24.1	-124.0	-19.1
4342.86	-47.2	135.0	-46.4	23.8	-120.0	-16.6
4357.14	-46.9	133.0	-46.6	23.4	-115.0	-15.1
4371.43	-46.7	131.0	-46.7	22.4	-112.0	-14.2
4385.71	-46.4	130.0	-46.9	20.9	-109.0	-11.7
4400.0	-46.2	128.0	-47.0	21.2	-106.0	-10.1
4414.29	-45.6	127.0	-47.2	22.0	-103.0	-7.65
4428.57	-45.4	125.0	-47.3	21.1	-99.6	-5.02
4442.86	-45.3	124.0	-47.3	20.4	-95.1	-5.4
4457.14	-45.0	123.0	-47.4	20.5	-92.8	-4.21
4471.43	-44.8	121.0	-47.4	20.3	-89.1	-2.73
4485.71	-44.5	120.0	-47.4	20.6	-84.9	-1.71
4500.0	-44.2	119.0	-47.5	20.5	-82.0	0.159
4514.29	-43.9	118.0	-47.4	18.9	-79.6	0.0484
4528.57	-43.6	116.0	-47.3	16.7	-76.6	1.96
4542.86	-43.5	115.0	-47.4	18.7	-73.5	1.12
4557.14	-43.2	114.0	-47.3	17.5	-70.5	3.56
4571.43	-42.9	113.0	-47.2	16.2	-66.9	5.34
4585.71	-42.7	112.0	-47.1	15.8	-63.9	5.6
4600.0	-42.5	111.0	-47.0	15.4	-61.0	6.5
4614.29	-42.4	111.0	-46.9	15.1	-57.7	6.01
4628.57	-42.1	110.0	-46.8	16.1	-57.4	9.49
4642.86	-41.9	109.0	-46.7	15.2	-53.8	8.65
4657.14	-41.6	108.0	-46.6	15.3	-51.5	9.87
4671.43	-41.5	108.0	-46.5	15.3	-49.3	9.42
4685.71	-41.2	107.0	-46.3	14.6	-47.6	11.0
4700.0	-40.9	106.0	-46.2	16.3	-46.3	12.2
4714.29	-40.8	105.0	-46.0	15.4	-42.8	12.4
4728.57	-40.6	105.0	-45.8	15.4	-40.0	12.8
4742.86	-40.4	104.0	-45.6	15.4	-37.1	12.2
4757.14	-40.2	104.0	-45.4	14.1	-35.9	13.4
4771.43	-40.0	103.0	-45.2	14.1	-32.9	13.3
4785.71	-39.8	103.0	-45.1	14.0	-31.2	14.2
4800.0	-39.6	102.0	-44.8	14.8	-28.5	13.7
4814.29	-39.4	102.0	-44.6	15.0	-27.1	14.6
4828.57	-39.1	102.0	-44.4	14.9	-24.5	15.5
4842.86	-39.0	101.0	-44.2	15.4	-22.1	15.5
4857.14	-38.7	101.0	-43.9	15.9	-21.0	16.0
4871.43	-38.5	101.0	-43.8	16.5	-17.9	16.0
4885.71	-38.3	101.0	-43.6	18.2	-16.2	16.0
4900.0	-38.0	100.0	-43.2	16.2	-14.4	15.6
4914.29	-37.7	100.0	-43.0	16.4	-12.3	16.8
4928.57	-37.5	99.9	-42.8	17.6	-10.6	16.3
4942.86	-37.3	99.7	-42.6	18.2	-9.75	16.5
4957.14	-37.0	99.6	-42.3	17.8	-7.61	17.5
4971.43	-36.8	99.5	-42.0	17.8	-5.97	17.3
4985.71	-36.4	99.5	-41.8	18.6	-4.12	19.3
5000.0	-36.1	99.5	-41.6	20.1	-3.04	19.3
5014.29	-35.9	99.4	-41.3	20.2	-1.06	20.0
5028.57	-35.6	99.4	-41.0	20.6	-0.099	20.4
5042.86	-35.3	99.4	-40.7	21.3	2.26	21.7
5057.14	-35.0	99.4	-40.3	20.8	3.32	22.1
5071.43	-34.7	99.5	-40.0	21.5	5.44	22.3
5085.71	-34.5	99.6	-39.8	22.4	7.85	23.1
5100.0	-34.1	99.7	-39.3	23.3	8.36	24.1
5114.29	-33.7	99.8	-39.0	23.3	10.2	25.1
5128.57	-33.4	100.0	-38.7	23.7	12.1	26.5
5142.86	-33.1	100.0	-38.2	24.2	13.9	26.1
5157.14	-32.7	100.0	-37.9	24.8	14.5	28.8
5171.43	-32.3	101.0	-37.5	25.4	16.4	28.3
5185.71	-32.0	101.0	-37.1	25.6	17.7	29.2
5200.0	-31.6	101.0	-36.6	26.2	18.6	30.5
5214.29	-31.3	101.0	-36.2	26.9	20.3	31.8
5228.57	-30.9	102.0	-35.7	25.7	21.5	33.5
5242.86	-30.6	102.0	-35.2	27.0	23.9	33.4
5257.14	-30.3	102.0	-34.7	26.8	26.5	33.8
5271.43	-29.7	103.0	-34.3	27.3	26.6	35.5
5285.71	-29.4	103.0	-33.8	27.5	29.0	35.1
5300.0	-29.0	104.0	-33.2	29.3	31.2	35.5
5314.29	-28.5	104.0	-32.7	29.8	32.9	37.5
5328.57	-28.0	104.0	-32.2	30.8	34.0	37.7
5342.86	-27.6	105.0	-31.7	31.7	35.9	39.4
5357.14	-27.2	106.0	-31.1	31.3	37.2	40.2
5371.43	-26.8	106.0	-30.5	32.0	40.5	40.2
5385.71	-26.4	107.0	-30.0	32.7	43.0	40.7
5400.0	-25.8	107.0	-29.3	32.5	44.4	42.9
5414.29	-25.3	108.0	-28.7	33.2	45.2	45.1
5428.57	-25.0	109.0	-28.0	32.8	48.6	44.9
5442.86	-24.5	109.0	-27.4	33.6	48.8	45.9
5457.14	-23.9	110.0	-26.7	33.5	50.6	48.8
5471.43	-23.4	111.0	-26.0	33.6	53.1	48.3
5485.71	-23.0	111.0	-25.4	36.5	55.9	48.7
5500.0	-22.5	112.0	-24.6	35.5	57.4	51.0
5514.29	-21.9	113.0	-23.9	35.5	61.0	51.9
5528.57	-21.4	114.0	-23.1	37.5	63.8	53.3
5542.86	-20.9	115.0	-22.4	38.8	66.2	54.7
5557.14	-20.3	116.0	-21.6	39.5	68.3	56.7
5571.43	-19.7	117.0	-20.7	40.5	71.6	57.2
5585.71	-19.1	118.0	-19.9	41.0	75.0	59.0
5600.0	-18.6	119.0	-19.1	41.9	79.3	58.8
5614.29	-17.9	120.0	-18.3	43.4	80.5	62.4
5628.57	-17.2	121.0	-17.3	43.9	84.5	65.0
5642.86	-16.6	123.0	-16.4	46.1	88.6	65.6
5657.14	-16.0	124.0	-15.4	46.9	92.3	67.4
5671.43	-15.2	125.0	-14.4	48.6	95.6	70.3
5685.71	-14.6	127.0	-13.5	52.7	101.0	72.1
5700.0	-13.8	128.0	-12.4	53.5	106.0	75.6
5714.29	-13.0	130.0	-11.3	58.4	110.0	77.9
5728.57	-12.1	131.0	-10.2	60.8	116.0	81.1
5742.86	-11.1	133.0	-8.94	63.1	122.0	85.1
5757.14	-10.3	135.0	-7.71	67.5	129.0	88.4
5771.43	-9.27	137.0	-6.45	72.5	136.0	93.9
5785.71	-8.3	139.0	-5.09	77.2	145.0	97.2
5800.0	-6.99	141.0	-3.62	83.1	153.0	104.0
5814.29	-5.83	143.0	-2.15	95.0	165.0	111.0
5828.57	-4.35	146.0	-0.469	109.0	180.0	120.0
5842.86	-2.66	148.0	1.39	136.0	192.0	133.0
5857.14	-0.523	151.0	3.24	173.0	156.0	123.0
5871.43	2.07	153.0	4.87	171.0	114.0	102.0
5885.71	4.4	154.0	6.18	161.0	88.6	86.2
5900.0	6.57	155.0	7.36	147.0	70.7	73.2
5914.29	8.67	156.0	8.35	136.0	55.2	63.6
5928.57	10.5	157.0	9.18	124.0	42.6	55.6
5942.86	12.2	157.0	9.9	114.0	30.2	48.4
5957.14	13.8	158.0	10.6	104.0	19.8	43.9
5971.43	15.2	158.0	11.2	93.0	10.2	38.7
5985.71	16.5	158.0	11.7	85.2	0.892	35.3
6000.0	17.6	158.0	12.2	75.7	-6.13	32.0
6014.29	18.6	158.0	12.5	69.5	-12.2	28.9
6028.57	19.6	157.0	13.1	60.8	-18.7	26.7
6042.86	20.5	157.0	13.4	54.6	-24.7	24.8
6057.14	21.2	157.0	13.7	49.3	-30.8	23.0
6071.43	21.8	156.0	14.0	43.0	-35.3	22.3
6085.71	22.4	156.0	14.3	37.3	-40.9	20.0
6100.0	22.9	155.0	14.6	31.7	-46.8	19.1
6114.29	23.4	155.0	14.9	26.8	-52.3	18.4
6128.57	23.8	154.0	15.1	21.8	-58.3	18.0
6142.86	23.8	153.0	15.3	16.9	-62.4	15.6
6157.14	24.3	152.0	15.6	11.5	-69.7	15.3
6171.43	24.2	151.0	15.7	6.63	-75.3	12.0
6185.71	24.3	150.0	16.0	0.184	-82.2	10.6
6200.0	24.2	148.0	16.1	-7.35	-90.8	5.12
6214.29	24.2	147.0	16.0	-15.2	-105.0	-1.35
6228.57	23.7	145.0	15.9	-31.0	-141.0	-17.8
6242.86	23.6	144.0	15.5	5.58	-95.5	-16.9
6257.14	23.7	143.0	15.4	22.3	-59.8	0.242
6271.43	24.2	142.0	15.5	33.7	-40.7	17.2
6285.71	24.7	141.0	16.0	39.8	-28.7	30.2
6300.0	25.3	141.0	16.4	46.3	-17.6	41.5
6314.29	26.0	141.0	17.0	39.2	-12.0	37.9
6328.57	26.4	141.0	17.4	31.8	-29.1	11.3
6342.86	26.7	140.0	17.6	31.6	-24.7	18.7
6357.14	27.4	140.0	18.0	33.0	-20.8	25.4
6371.43	27.8	139.0	18.4	32.7	-21.3	27.6
6385.71	28.1	139.0	18.7	31.1	-19.7	31.8
6400.0	28.6	139.0	19.1	30.0	-21.1	30.3
6414.29	29.2	139.0	19.6	28.2	-23.2	31.1
6428.57	29.5	138.0	20.0	25.5	-26.9	27.0
6442.86	30.0	138.0	20.4	24.1	-29.9	24.3
6457.14	26.7	138.0	20.1	26.4	-22.6	22.2
6471.43	30.6	137.0	21.2	23.3	-30.5	27.3
6485.71	29.7	136.0	21.2	20.8	-28.5	26.2
6500.0	29.6	136.0	21.4	22.1	-26.3	26.8
6514.29	31.5	136.0	22.3	21.5	-27.8	31.5
6528.57	31.8	135.0	22.8	21.3	-25.8	33.6
6542.86	32.3	135.0	23.4	21.7	-24.2	36.7
6557.14	32.5	135.0	23.8	21.6	-24.0	35.9
6571.43	32.8	134.0	24.3	22.2	-23.5	36.6
6585.71	32.0	134.0	24.4	22.9	-20.4	35.5
6600.0	33.4	134.0	25.3	24.7	-20.9	38.0
6614.29	33.7	133.0	25.9	26.1	-21.7	37.0
6628.57	34.2	133.0	26.5	27.0	-22.3	35.2
6642.86	34.6	133.0	26.9	29.5	-22.6	34.7
6657.14	34.9	132.0	27.4	30.1	-22.3	34.4
6671.43	35.4	132.0	27.8	33.0	-21.4	35.6
6685.71	34.8	132.0	27.9	33.4	-20.4	32.5
6700.0	36.4	131.0	28.9	34.5	-22.0	33.5
6714.29	36.1	131.0	29.0	35.8	-21.2	34.7
6728.57	36.6	131.0	29.3	35.6	-22.3	33.8
6742.86	37.1	131.0	29.9	38.7	-22.6	33.6
6757.14	37.6	130.0	30.3	39.7	-22.2	34.5
6771.43	38.5	130.0	30.9	37.1	-24.5	30.6
6785.71	38.9	130.0	31.3	35.7	-26.2	29.7
6800.0	40.0	129.0	32.2	37.2	-25.5	33.6
6814.29	39.9	129.0	32.3	37.3	-25.3	31.8
6828.57	40.6	128.0	32.7	37.0	-25.7	31.8
6842.86	41.4	128.0	33.4	35.9	-27.1	31.5
6857.14	41.7	128.0	33.7	36.2	-26.2	30.7
6871.43	42.5	127.0	34.3	35.7	-27.9	31.8
6885.71	43.2	127.0	34.8	34.9	-30.0	31.7
6900.0	43.7	126.0	35.4	34.0	-29.6	33.5
6914.29	44.0	126.0	35.8	34.5	-28.8	33.8
6928.57	44.6	126.0	36.4	33.6	-30.6	30.2
6942.86	44.8	125.0	36.5	34.3	-31.1	29.4
6957.14	45.6	125.0	37.2	35.1	-31.1	31.3
6971.43	46.1	124.0	37.7	33.9	-32.4	30.5
6985.71	46.4	124.0	37.8	33.7	-33.2	29.2
7000.0	47.0	123.0	38.3	35.9	-33.5	29.9
7014.29	47.5	123.0	38.8	33.3	-34.0	26.3
7028.57	48.0	122.0	39.1	32.9	-34.7	25.3
7042.86	48.3	122.0	39.3	33.8	-34.6	25.2
7057.14	49.0	121.0	40.0	33.1	-34.8	24.7
7071.43	49.4	121.0	40.1	33.8	-34.9	22.0
7085.71	49.9	120.0	40.6	36.0	-34.6	21.5
7100.0	50.4	120.0	40.8	34.8	-34.5	23.0
7114.29	50.9	119.0	41.1	35.8	-33.7	23.0
7128.57	51.5	119.0	41.6	34.4	-32.9	22.0
7142.86	52.1	118.0	42.0	35.1	-32.5	23.9
7157.14	52.6	118.0	42.3	35.3	-30.2	24.7
7171.43	52.9	117.0	42.5	35.1	-30.8	23.1
7185.71	53.4	117.0	42.9	35.5	-30.4	22.4
7200.0	54.0	116.0	43.3	35.1	-29.7	24.9
7214.29	54.5	116.0	43.6	34.8	-28.9	23.0
7228.57	54.9	116.0	43.9	36.6	-27.1	22.6
7242.86	55.4	115.0	44.3	35.7	-26.5	23.7
7257.14	56.0	115.0	44.6	37.0	-27.0	24.9
7271.43	56.6	115.0	44.9	36.6	-26.6	23.5
7285.71	57.0	114.0	45.3	35.6	-27.5	21.5
7300.0	57.7	114.0	45.6	36.8	-26.7	23.1
7314.29	58.1	113.0	45.8	36.8	-25.0	23.4
7328.57	58.6	113.0	46.2	36.3	-25.3	22.7
7342.86	59.2	113.0	46.7	36.6	-23.5	24.0
7357.14	59.6	112.0	46.9	36.2	-24.7	22.2
7371.43	60.2	112.0	47.3	36.0	-23.3	22.5
7385.71	60.7	112.0	47.6	34.8	-22.0	22.5
7400.0	61.1	111.0	48.0	34.2	-21.5	23.5
7414.29	61.8	111.0	48.2	37.5	-24.0	21.8
7428.57	62.1	111.0	48.5	35.8	-22.2	21.3
7442.86	62.8	110.0	48.8	36.9	-23.1	22.3
7457.14	63.2	110.0	49.2	36.1	-23.1	21.0
7471.43	63.7	110.0	49.3	38.4	-22.5	21.2
7485.71	64.3	110.0	49.6	37.4	-22.9	20.2
7500.0	64.9	109.0	50.1	37.6	-22.1	22.9
7514.29	65.4	109.0	50.3	37.6	-21.9	23.2
7528.57	65.9	109.0	50.6	36.6	-21.7	21.9
7542.86	66.3	108.0	50.9	37.8	-21.5	22.7
7557.14	66.9	108.0	51.4	37.0	-20.7	21.5
7571.43	67.5	108.0	51.6	37.5	-21.8	22.5
7585.71	68.1	107.0	52.0	37.2	-20.2	22.7
7600.0	68.5	107.0	52.3	38.5	-18.6	22.2
7614.29	69.2	107.0	52.5	38.5	-20.1	22.5
7628.57	69.7	106.0	52.8	37.4	-21.0	20.5
7642.86	70.1	106.0	53.2	36.8	-20.8	19.8
7657.14	70.6	106.0	53.5	38.3	-19.9	20.4
7671.43	71.3	106.0	53.7	36.7	-22.2	21.2
7685.71	71.6	105.0	54.0	37.0	-21.2	20.0
7700.0	72.3	105.0	54.3	37.5	-21.3	19.7
7714.29	72.7	105.0	54.7	35.7	-20.3	19.2
7728.57	73.3	104.0	54.9	35.8	-19.3	19.3
7742.86	73.9	104.0	55.1	35.2	-19.3	20.7
7757.14	74.4	104.0	55.4	36.4	-19.1	20.3
7771.43	74.8	103.0	55.7	37.7	-19.5	20.2
7785.71	75.4	103.0	56.0	38.3	-17.6	19.8
7800.0	76.0	103.0	56.3	37.3	-17.8	21.3
7814.29	76.4	103.0	56.6	38.9	-18.2	20.6
7828.57	77.0	103.0	56.9	38.7	-18.3	21.9
7842.86	77.5	102.0	57.2	37.6	-19.7	19.6
7857.14	78.1	102.0	57.5	37.6	-18.6	21.3
7871.43	78.7	102.0	57.7	37.2	-20.5	21.3
7885.71	79.2	101.0	58.1	37.5	-19.8	20.8
7900.0	79.7	101.0	58.5	36.3	-19.1	22.0
7914.29	80.2	101.0	58.7	36.6	-18.4	21.8
7928.57	80.7	100.0	59.0	36.3	-20.5	20.4
7942.86	81.2	100.0	59.3	37.7	-19.6	21.3
7957.14	81.8	100.0	59.6	36.7	-20.1	22.7
7971.43	82.4	99.6	60.0	35.9	-20.4	22.9
7985.71	82.9	99.4	60.3	36.0	-19.6	23.7
8000.0	83.3	99.1	60.7	35.4	-18.6	24.0
8014.29	83.9	98.9	61.1	34.4	-18.8	25.1
8028.57	84.3	98.7	61.4	34.6	-20.0	23.5
8042.86	84.8	98.4	61.7	33.7	-18.4	24.9
8057.14	85.3	98.0	62.1	32.2	-18.5	25.6
8071.43	85.9	97.8	62.5	33.2	-19.0	25.4
8085.71	86.4	97.5	62.9	34.0	-18.7	27.4
8100.0	86.6	97.4	63.0	34.2	-18.0	25.5
8114.29	87.3	97.0	63.6	33.2	-17.4	26.7
8128.57	87.8	96.9	64.0	32.1	-17.1	26.8
8142.86	88.1	96.6	64.3	31.3	-17.8	25.9
8157.14	88.6	96.3	64.8	31.0	-15.6	25.8
8171.43	89.1	96.2	65.0	32.0	-15.9	26.3
8185.71	89.5	95.9	65.4	31.7	-15.8	26.8
8200.0	89.9	95.5	66.0	30.6	-16.5	27.6
8214.29	90.5	95.4	66.1	31.6	-17.1	25.9
8228.57	90.9	95.2	66.5	31.4	-18.0	27.2
8242.86	91.3	94.9	66.9	30.6	-18.9	26.0
8257.14	91.7	94.6	67.4	30.7	-18.4	25.9
8271.43	92.2	94.4	67.8	31.8	-19.3	27.2
8285.71	92.7	94.1	68.2	31.9	-20.0	27.9
8300.0	93.1	93.7	68.6	31.7	-19.1	28.3
8314.29	93.6	93.6	69.0	31.3	-20.3	28.8
8328.57	94.0	93.3	69.4	32.6	-19.5	30.2
8342.86	94.5	93.0	69.8	31.8	-19.9	28.5
8357.14	95.0	92.7	70.3	33.3	-20.6	30.5
8371.43	95.2	92.4	70.7	33.6	-19.7	29.2
8385.71	96.0	92.1	71.1	33.4	-22.0	29.3
8400.0	96.4	91.8	71.4	35.1	-23.2	28.9
8414.29	96.7	91.4	71.9	33.8	-23.1	27.7
8428.57	97.4	91.2	72.3	35.3	-23.9	27.7
8442.86	97.8	90.8	72.7	34.9	-24.9	28.2
8457.14	98.3	90.4	73.2	34.5	-24.5	27.4
8471.43	98.8	90.2	73.4	35.4	-24.0	27.7
8485.71	99.3	89.6	74.0	34.0	-26.2	26.9
8500.0	99.8	89.4	74.3	35.0	-26.9	28.3
8514.29	100.0	88.9	74.7	36.0	-26.7	26.8
8528.57	101.0	88.6	75.0	36.6	-26.9	27.2
8542.86	101.0	88.2	75.5	38.3	-28.0	27.9
8557.14	102.0	87.8	75.8	38.1	-28.6	27.6
8571.43	102.0	87.4	76.4	36.7	-27.9	27.8
8585.71	103.0	86.9	76.7	36.7	-27.8	26.7
8600.0	104.0	86.6	77.1	36.7	-29.6	27.7
8614.29	104.0	86.2	77.4	35.1	-29.2	26.2
8628.57	105.0	85.8	77.8	35.8	-29.2	25.8
8642.86	105.0	85.4	78.2	35.6	-30.3	25.0
8657.14	105.0	84.9	78.5	33.8	-29.0	26.0
8671.43	106.0	84.6	78.8	33.3	-29.7	26.0
8685.71	107.0	84.0	79.2	33.1	-29.7	27.2
8700.0	107.0	83.6	79.5	33.5	-27.6	25.9
8714.29	108.0	83.2	80.0	32.7	-29.3	27.3
8728.57	108.0	82.9	80.4	32.7	-27.0	26.9
8742.86	108.0	82.4	80.8	32.8	-27.1	27.0
8757.14	109.0	82.1	81.2	34.0	-26.7	26.6
8771.43	109.0	81.7	81.5	34.5	-26.9	27.1
8785.71	110.0	81.3	81.9	32.3	-26.9	25.7
8800.0	110.0	80.9	82.3	33.6	-27.1	25.4
8814.29	111.0	80.5	82.7	31.7	-26.4	26.2
8828.57	111.0	80.2	83.0	31.8	-27.1	24.5
8842.86	112.0	79.7	83.4	31.5	-27.9	24.2
8857.14	112.0	79.3	83.7	31.3	-28.1	24.3
8871.43	113.0	79.0	84.0	31.2	-27.7	23.8
8885.71	113.0	78.6	84.3	31.1	-27.4	23.7
8900.0	113.0	78.2	84.7	30.2	-27.1	21.6
8914.29	114.0	77.7	85.0	30.0	-27.6	23.7
8928.57	114.0	77.3	85.3	30.7	-27.9	24.0
8942.86	115.0	77.1	85.7	28.8	-27.4	23.2
8957.14	115.0	76.5	86.0	29.3	-28.4	22.5
8971.43	116.0	76.2	86.4	29.6	-27.2	24.4
8985.71	116.0	75.8	86.8	30.5	-27.9	23.8
9000.0	116.0	75.4	87.1	29.9	-28.1	22.4
9014.29	117.0	75.0	87.3	30.5	-29.2	22.9
9028.57	117.0	74.6	87.6	28.4	-28.1	23.5
9042.86	118.0	74.1	88.1	29.4	-27.8	21.9
9057.14	118.0	73.7	88.2	28.8	-28.6	22.6
9071.43	118.0	73.3	88.6	27.8	-28.7	23.5
9085.71	119.0	72.9	89.0	26.2	-27.9	23.5
9100.0	119.0	72.5	89.2	26.9	-28.2	22.0
9114.29	120.0	72.2	89.6	26.9	-27.9	23.6
9128.57	120.0	71.8	89.9	26.7	-29.0	21.9
9142.86	121.0	71.4	90.3	27.6	-28.4	23.6
9157.14	121.0	70.9	90.5	28.7	-28.1	23.4
9171.43	121.0	70.5	90.8	27.8	-28.5	22.5
9185.71	122.0	70.1	91.2	27.2	-28.1	21.1
9200.0	122.0	69.8	91.6	27.8	-28.0	21.1
9214.29	123.0	69.4	91.9	26.9	-28.7	20.2
9228.57	123.0	68.9	92.2	26.4	-28.0	20.4
9242.86	123.0	68.6	92.5	27.3	-27.6	20.0
9257.14	124.0	68.1	92.8	26.6	-28.5	18.5
9271.43	124.0	67.8	93.1	27.3	-27.2	18.7
9285.71	124.0	67.3	93.3	28.4	-28.2	20.6
9300.0	125.0	66.9	93.6	28.8	-27.5	20.2
9314.29	125.0	66.5	93.9	27.9	-25.7	21.1
9328.57	126.0	66.2	94.2	28.7	-25.4	20.7
9342.86	126.0	65.8	94.4	28.7	-25.6	21.1
9357.14	126.0	65.4	94.7	28.7	-26.9	20.3
9371.43	127.0	65.1	95.1	27.4	-25.5	18.9
9385.71	127.0	64.8	95.3	27.9	-22.9	19.3
9400.0	128.0	64.3	95.5	28.8	-24.0	19.5
9414.29	128.0	64.1	95.8	27.6	-24.0	18.4
9428.57	128.0	63.7	96.1	27.4	-24.7	18.9
9442.86	129.0	63.3	96.4	27.5	-23.9	18.0
9457.14	129.0	63.0	96.5	27.2	-22.3	19.5
9471.43	130.0	62.7	96.9	27.0	-21.7	19.0
9485.71	130.0	62.3	97.2	26.7	-21.9	18.4
9500.0	130.0	62.2	97.4	26.8	-21.4	17.5
9514.29	131.0	61.7	97.8	27.9	-19.6	19.7
9528.57	131.0	61.6	98.0	28.4	-18.2	21.1
9542.86	132.0	61.3	98.3	27.9	-17.9	18.6
9557.14	132.0	61.1	98.6	27.5	-18.0	19.9
9571.43	132.0	60.8	98.9	28.0	-16.2	20.2
9585.71	133.0	60.6	99.1	28.3	-16.0	20.6
9600.0	133.0	60.2	99.4	28.8	-16.3	21.0
9614.29	134.0	60.1	99.7	29.2	-14.8	22.2
9628.57	134.0	59.9	100.0	29.6	-13.7	23.0
9642.86	134.0	59.8	100.0	31.3	-14.1	23.1
9657.14	135.0	59.5	101.0	30.3	-13.7	23.1
9671.43	135.0	59.3	101.0	32.7	-12.9	25.1
9685.71	136.0	59.2	101.0	33.3	-13.2	26.3
9700.0	136.0	58.8	102.0	32.6	-13.7	25.4
9714.29	137.0	58.7	102.0	33.5	-12.4	25.8
9728.57	137.0	58.6	102.0	32.8	-13.6	26.8
9742.86	138.0	58.4	103.0	33.1	-11.8	27.7
9757.14	138.0	58.2	103.0	34.5	-11.9	28.3
9771.43	139.0	58.1	104.0	34.7	-12.6	27.7
9785.71	139.0	57.8	104.0	35.2	-12.0	27.4
9800.0	140.0	57.6	105.0	34.8	-11.9	28.2
9814.29	140.0	57.5	105.0	34.3	-12.8	27.9
9828.57	141.0	57.3	105.0	35.0	-12.8	30.7
9842.86	141.0	57.1	106.0	36.1	-13.5	29.1
9857.14	142.0	57.0	106.0	34.4	-13.7	28.9
9871.43	142.0	56.7	107.0	33.9	-13.3	29.0
9885.71	143.0	56.5	107.0	33.3	-14.7	29.1
9900.0	143.0	56.2	108.0	33.2	-15.0	30.5
9914.29	144.0	56.1	108.0	34.7	-14.8	31.6
9928.57	144.0	55.8	108.0	33.3	-14.9	31.5
9942.86	145.0	55.6	109.0	34.7	-15.2	31.5
9957.14	145.0	55.4	109.0	33.4	-15.9	30.4
9971.43	146.0	55.2	110.0	34.3	-16.7	29.7
9985.71	146.0	55.0	110.0	36.2	-16.5	29.4
10000.0	146.0	54.7	111.0	34.4	-15.1	30.5
