#time	xcom	ycom	zcom	vxcom	vycom	vzcom
0.0	-1.37	2.56	-1.43	-0.676	2.0	-1.95
14.2857	-1.38	2.51	-1.45	-2.14	0.694	-0.462
28.5714	-1.28	2.61	-1.46	-1.44	0.971	-1.75
42.8571	-1.46	2.61	-1.48	-1.74	5.09	-1.1
57.1429	-1.37	2.58	-1.48	-2.64	4.09	-0.948
71.4286	-1.41	2.67	-1.48	-3.55	4.59	-0.465
85.7143	-1.41	2.6	-1.49	-4.4	5.91	-1.18
100.0	-1.34	2.7	-1.52	-4.53	3.03	-1.82
114.286	-1.61	2.88	-1.54	-3.89	6.16	-0.888
128.571	-1.64	2.89	-1.55	-4.28	5.41	-1.25
142.857	-1.63	2.9	-1.57	-5.79	6.25	-0.872
157.143	-1.85	2.96	-1.58	-6.52	7.98	-1.43
171.429	-1.9	3.04	-1.6	-7.72	8.68	-0.0372
185.714	-1.86	3.09	-1.6	-5.95	8.09	-0.209
200.0	-2.02	3.2	-1.61	-7.39	7.0	-0.00241
214.286	-2.21	3.36	-1.6	-3.82	8.36	0.0833
228.571	-2.19	3.42	-1.6	-3.93	7.93	-0.382
242.857	-2.27	3.5	-1.6	-5.55	7.8	0.674
257.143	-2.33	3.65	-1.61	-4.37	8.92	-0.374
271.429	-2.45	3.67	-1.61	-4.93	9.46	-0.218
285.714	-2.46	3.79	-1.61	-3.83	9.13	-0.298
300.0	-2.51	3.89	-1.61	-4.9	8.28	0.838
314.286	-2.53	3.94	-1.61	-3.23	7.23	1.42
328.571	-2.59	4.01	-1.59	-4.57	9.0	0.621
342.857	-2.58	3.96	-1.58	-6.78	7.79	0.577
357.143	-2.63	4.36	-1.57	-3.68	7.73	0.449
371.429	-2.71	4.4	-1.58	-4.93	8.04	-0.387
385.714	-2.74	4.59	-1.57	-6.89	7.25	-0.671
400.0	-2.8	4.58	-1.59	-7.23	7.47	-1.43
414.286	-3.02	4.56	-1.62	-7.57	8.91	-2.49
428.571	-3.15	4.76	-1.65	-6.97	10.7	-2.13
442.857	-3.3	4.82	-1.68	-8.87	11.2	-1.65
457.143	-3.31	5.18	-1.71	-3.77	10.0	-1.8
471.429	-3.46	5.19	-1.75	-6.05	9.77	-3.42
485.714	-3.47	5.33	-1.79	-5.71	10.3	-2.42
500.0	-3.46	5.59	-1.82	-4.97	9.35	-2.83
514.286	-3.65	5.67	-1.88	-2.39	10.5	-2.35
528.571	-3.68	5.83	-1.91	-3.41	9.15	-2.81
542.857	-3.72	5.96	-1.96	-3.64	8.35	-3.02
557.143	-3.76	6.07	-2.01	-2.04	8.39	-3.75
571.429	-3.68	6.12	-2.04	-3.71	6.94	-2.21
585.714	-3.67	6.17	-2.08	-4.23	5.37	-2.47
600.0	-3.7	6.26	-2.12	-6.08	5.18	-1.33
614.286	-3.73	6.45	-2.14	-4.57	4.02	-2.18
628.571	-3.82	6.49	-2.17	-4.46	5.27	-2.73
642.857	-3.92	6.57	-2.2	-6.26	5.52	-2.04
657.143	-4.02	6.68	-2.22	-4.74	6.48	0.00124
671.429	-4.25	6.81	-2.23	-6.23	7.62	-0.881
685.714	-4.29	6.85	-2.24	-6.58	9.57	-0.342
700.0	-4.38	7.01	-2.27	-7.69	8.44	-1.4
714.286	-4.46	7.15	-2.29	-7.33	9.16	-1.04
728.571	-4.53	7.27	-2.31	-8.58	10.2	-1.9
742.857	-4.71	7.48	-2.35	-7.5	13.3	-2.49
757.143	-4.77	7.71	-2.4	-6.06	12.7	-3.3
771.429	-4.71	7.74	-2.46	-7.02	11.1	-5.79
785.714	-4.7	7.92	-2.54	-6.92	10.5	-6.19
800.0	-4.86	8.15	-2.63	-5.76	11.0	-5.95
814.286	-4.9	8.26	-2.73	-5.82	9.83	-7.22
828.571	-4.98	8.39	-2.84	-7.04	8.5	-9.35
842.857	-5.09	8.61	-2.97	-6.99	9.92	-9.81
857.143	-5.15	8.65	-3.11	-8.22	8.04	-9.37
871.429	-5.25	8.83	-3.24	-9.51	9.91	-8.88
885.714	-5.43	8.99	-3.36	-9.6	10.8	-7.69
900.0	-5.55	9.14	-3.44	-11.5	8.71	-7.68
914.286	-5.77	9.39	-3.54	-10.3	11.2	-7.44
928.571	-5.92	9.51	-3.69	-9.18	9.96	-9.36
942.857	-6.1	9.63	-3.8	-9.85	10.8	-8.56
957.143	-6.15	9.75	-3.92	-10.4	10.7	-8.56
971.429	-6.23	9.94	-4.05	-8.63	6.81	-9.67
985.714	-6.44	10.0	-4.18	-8.54	9.34	-9.41
1000.0	-6.57	10.3	-4.3	-5.88	8.7	-8.16
1014.29	-6.68	10.5	-4.42	-5.71	9.81	-7.74
1028.57	-6.76	10.5	-4.53	-5.99	9.22	-8.11
1042.86	-6.82	10.6	-4.63	-7.12	8.87	-7.91
1057.14	-6.87	10.8	-4.76	-6.46	9.54	-8.27
1071.43	-7.01	11.1	-4.87	-4.29	10.5	-8.54
1085.71	-7.05	11.2	-5.0	-6.29	11.8	-9.34
1100.0	-7.14	11.4	-5.15	-5.68	13.3	-10.6
1114.29	-7.25	11.6	-5.29	-7.37	14.9	-10.3
1128.57	-7.32	11.9	-5.44	-6.7	14.0	-11.6
1142.86	-7.48	12.1	-5.62	-6.27	16.2	-10.2
1157.14	-7.57	12.2	-5.77	-7.85	16.2	-10.4
1171.43	-7.72	12.4	-5.92	-10.2	15.4	-10.8
1185.71	-7.79	12.8	-6.09	-7.27	15.9	-10.8
1200.0	-7.96	12.9	-6.23	-8.36	17.4	-11.7
1214.29	-8.08	13.2	-6.4	-8.73	16.8	-10.9
1228.57	-8.24	13.4	-6.54	-9.91	16.9	-11.0
1242.86	-8.32	13.7	-6.7	-9.74	17.7	-11.7
1257.14	-8.34	14.1	-6.86	-8.25	17.0	-10.3
1271.43	-8.53	14.3	-7.01	-7.25	18.2	-10.1
1285.71	-8.68	14.5	-7.15	-7.98	18.4	-11.0
1300.0	-8.8	14.8	-7.32	-8.51	18.6	-11.6
1314.29	-8.95	15.0	-7.47	-9.27	19.6	-11.4
1328.57	-9.03	15.3	-7.63	-8.67	17.8	-11.9
1342.86	-9.13	15.6	-7.78	-8.44	18.4	-11.2
1357.14	-9.25	15.9	-7.94	-9.32	18.8	-11.3
1371.43	-9.47	16.1	-8.12	-9.27	19.2	-10.5
1385.71	-9.53	16.5	-8.27	-8.7	17.2	-11.7
1400.0	-9.67	16.7	-8.46	-8.21	15.6	-13.3
1414.29	-9.79	16.9	-8.62	-7.72	15.1	-14.2
1428.57	-9.93	17.1	-8.83	-9.17	14.3	-13.3
1442.86	-10.1	17.4	-9.01	-7.91	15.9	-14.5
1457.14	-10.3	17.5	-9.21	-9.62	16.6	-14.1
1471.43	-10.4	17.7	-9.42	-10.2	16.3	-14.7
1485.71	-10.6	17.9	-9.63	-12.4	18.5	-13.8
1500.0	-10.7	18.3	-9.81	-10.8	20.4	-14.4
1514.29	-10.7	18.6	-10.0	-9.8	18.7	-14.7
1528.57	-11.1	18.8	-10.3	-11.8	21.5	-14.2
1542.86	-11.2	19.2	-10.4	-7.58	21.5	-14.1
1557.14	-11.4	19.4	-10.6	-10.4	22.6	-14.2
1571.43	-11.5	19.7	-10.9	-11.6	22.6	-15.5
1585.71	-11.7	20.1	-11.1	-9.44	22.6	-15.3
1600.0	-11.8	20.4	-11.3	-13.4	23.9	-13.0
1614.29	-12.0	20.7	-11.4	-13.4	24.2	-12.1
1628.57	-12.2	21.1	-11.6	-13.8	25.4	-12.8
1642.86	-12.4	21.4	-11.8	-14.4	26.1	-12.9
1657.14	-12.5	21.8	-12.0	-13.3	25.2	-12.4
1671.43	-12.8	22.1	-12.2	-14.7	27.9	-14.2
1685.71	-12.9	22.6	-12.4	-12.1	27.1	-13.7
1700.0	-13.2	22.9	-12.5	-13.1	28.2	-14.0
1714.29	-13.3	23.3	-12.7	-13.1	27.7	-14.1
1728.57	-13.6	23.7	-12.9	-14.0	27.1	-13.8
1742.86	-13.7	24.1	-13.1	-13.9	25.7	-13.6
1757.14	-13.9	24.4	-13.4	-13.1	28.0	-13.8
1771.43	-14.1	24.9	-13.5	-13.7	28.4	-14.3
1785.71	-14.4	25.3	-13.8	-14.1	27.7	-15.2
1800.0	-14.5	25.6	-14.0	-14.8	28.4	-15.5
1814.29	-14.7	26.0	-14.2	-14.9	28.4	-15.4
1828.57	-14.8	26.4	-14.4	-14.6	27.2	-15.2
1842.86	-15.1	26.8	-14.6	-15.0	29.4	-15.3
1857.14	-15.4	27.2	-14.8	-16.7	29.1	-14.8
1871.43	-15.4	27.6	-15.0	-18.1	27.5	-13.8
1885.71	-15.7	28.0	-15.2	-20.1	30.1	-12.9
1900.0	-16.0	28.5	-15.4	-20.3	30.5	-13.3
1914.29	-16.3	28.8	-15.6	-22.3	30.3	-12.5
1928.57	-16.6	29.3	-15.8	-22.4	30.2	-14.7
1942.86	-16.9	29.8	-16.0	-22.4	30.9	-15.2
1957.14	-17.3	30.2	-16.2	-21.7	32.6	-15.4
1971.43	-17.6	30.5	-16.4	-23.4	34.5	-15.6
1985.71	-17.9	31.1	-16.6	-23.0	34.3	-15.4
2000.0	-18.3	31.6	-16.9	-22.0	33.9	-15.1
2014.29	-18.5	32.1	-17.1	-23.1	35.2	-15.7
2028.57	-18.9	32.7	-17.3	-22.1	36.0	-16.1
2042.86	-19.2	33.2	-17.6	-22.9	35.5	-16.2
2057.14	-19.5	33.7	-17.8	-21.0	38.6	-16.0
2071.43	-19.8	34.2	-18.0	-22.6	37.7	-16.2
2085.71	-20.1	34.8	-18.3	-22.7	39.1	-17.5
2100.0	-20.4	35.4	-18.5	-20.6	38.1	-17.8
2114.29	-20.7	36.0	-18.7	-21.0	38.3	-16.9
2128.57	-21.0	36.5	-19.0	-20.1	37.3	-16.9
2142.86	-21.3	37.0	-19.2	-19.7	39.4	-15.6
2157.14	-21.5	37.7	-19.4	-18.6	39.4	-16.8
2171.43	-21.8	38.2	-19.7	-20.2	38.7	-16.8
2185.71	-22.1	38.8	-19.9	-18.9	40.1	-17.4
2200.0	-22.3	39.4	-20.2	-22.1	40.1	-19.1
2214.29	-22.6	39.9	-20.4	-21.2	40.0	-19.0
2228.57	-23.0	40.6	-20.7	-21.6	40.5	-20.7
2242.86	-23.3	41.0	-21.0	-23.7	40.2	-19.6
2257.14	-23.8	41.7	-21.3	-22.5	42.2	-19.9
2271.43	-23.9	42.3	-21.6	-23.1	41.9	-19.9
2285.71	-24.3	42.8	-21.8	-23.9	40.3	-19.0
2300.0	-24.5	43.5	-22.1	-22.6	40.3	-20.0
2314.29	-24.8	44.1	-22.4	-22.4	41.4	-18.9
2328.57	-25.2	44.7	-22.7	-23.0	40.8	-18.1
2342.86	-25.6	45.3	-22.9	-23.0	42.9	-17.7
2357.14	-25.9	45.9	-23.2	-24.4	44.2	-19.2
2371.43	-26.2	46.5	-23.4	-23.6	44.2	-17.5
2385.71	-26.6	47.1	-23.7	-23.6	43.9	-18.8
2400.0	-26.9	47.7	-24.0	-24.0	43.4	-19.1
2414.29	-27.3	48.4	-24.2	-23.6	45.8	-19.3
2428.57	-27.6	49.1	-24.5	-22.4	44.5	-19.0
2442.86	-28.0	49.7	-24.8	-24.1	45.3	-19.9
2457.14	-28.3	50.3	-25.1	-23.2	44.9	-20.1
2471.43	-28.7	51.0	-25.3	-20.9	45.1	-19.5
2485.71	-29.1	51.6	-25.6	-22.4	47.7	-20.0
2500.0	-29.4	52.2	-25.9	-24.5	49.1	-20.1
2514.29	-29.8	53.1	-26.2	-21.3	50.8	-21.2
2528.57	-30.0	53.8	-26.5	-22.0	49.4	-20.8
2542.86	-30.3	54.5	-26.8	-24.6	50.2	-22.0
2557.14	-30.7	55.2	-27.1	-24.1	51.8	-20.8
2571.43	-31.1	56.0	-27.4	-25.1	53.2	-21.7
2585.71	-31.4	56.7	-27.7	-26.7	51.9	-20.9
2600.0	-31.8	57.5	-27.9	-25.9	53.7	-20.2
2614.29	-32.1	58.2	-28.2	-26.3	52.9	-19.6
2628.57	-32.5	59.0	-28.5	-27.3	53.4	-19.4
2642.86	-32.9	59.8	-28.8	-26.3	52.8	-19.5
2657.14	-33.3	60.5	-29.1	-27.2	52.7	-20.7
2671.43	-33.6	61.3	-29.4	-26.1	54.2	-21.7
2685.71	-34.1	62.1	-29.7	-28.5	55.6	-20.4
2700.0	-34.5	62.9	-30.0	-27.1	55.7	-22.1
2714.29	-34.9	63.7	-30.3	-27.3	55.0	-22.1
2728.57	-35.3	64.4	-30.6	-27.7	56.9	-21.5
2742.86	-35.6	65.3	-30.9	-28.5	56.4	-21.5
2757.14	-36.1	66.0	-31.2	-28.9	57.9	-23.2
2771.43	-36.5	66.9	-31.6	-28.9	59.7	-23.7
2785.71	-36.9	67.8	-31.9	-29.0	59.1	-23.7
2800.0	-37.3	68.5	-32.2	-30.1	59.9	-23.5
2814.29	-37.7	69.4	-32.6	-30.7	60.9	-24.6
2828.57	-38.2	70.4	-32.9	-29.5	63.0	-25.7
2842.86	-38.6	71.3	-33.3	-30.3	65.1	-24.0
2857.14	-39.1	72.1	-33.6	-31.2	64.4	-23.9
2871.43	-39.5	73.1	-34.0	-28.9	64.5	-24.0
2885.71	-39.9	73.9	-34.3	-32.1	64.6	-24.0
2900.0	-40.4	74.9	-34.7	-31.6	66.6	-25.1
2914.29	-40.8	75.9	-35.0	-30.0	65.5	-26.3
2928.57	-41.2	76.9	-35.4	-29.7	67.9	-27.4
2942.86	-41.6	77.8	-35.8	-29.0	68.8	-27.8
2957.14	-42.0	78.7	-36.2	-28.5	69.1	-29.3
2971.43	-42.4	79.7	-36.6	-29.4	69.3	-28.3
2985.71	-42.9	80.9	-37.0	-27.5	71.6	-28.9
3000.0	-43.3	81.8	-37.4	-28.9	73.4	-28.0
3014.29	-43.7	82.8	-37.8	-29.6	74.8	-29.0
3028.57	-44.1	83.9	-38.2	-29.9	74.1	-29.4
3042.86	-44.5	84.9	-38.7	-31.2	77.1	-28.9
3057.14	-45.0	86.1	-39.0	-30.7	78.1	-28.1
3071.43	-45.4	87.2	-39.5	-32.1	79.8	-28.1
3085.71	-46.0	88.5	-39.8	-30.1	80.9	-27.6
3100.0	-46.3	89.6	-40.2	-31.3	80.9	-28.2
3114.29	-46.8	90.8	-40.6	-31.5	82.0	-29.9
3128.57	-47.2	92.0	-41.1	-32.5	82.6	-30.2
3142.86	-47.7	93.0	-41.5	-34.0	83.0	-30.2
3157.14	-48.1	94.2	-41.9	-34.2	83.0	-31.0
3171.43	-48.5	95.5	-42.4	-35.7	83.1	-30.3
3185.71	-49.2	96.7	-42.8	-35.2	85.3	-31.3
3200.0	-49.7	97.9	-43.2	-35.8	85.9	-30.7
3214.29	-50.0	99.2	-43.7	-36.1	84.8	-30.1
3228.57	-50.7	100.0	-44.1	-38.5	88.1	-30.1
3242.86	-51.2	102.0	-44.5	-39.2	88.2	-28.5
3257.14	-51.8	103.0	-44.9	-37.3	88.7	-28.9
3271.43	-52.2	104.0	-45.3	-39.4	89.6	-29.0
3285.71	-52.7	105.0	-45.7	-40.3	91.9	-30.5
3300.0	-53.4	107.0	-46.2	-37.9	93.4	-30.5
3314.29	-53.9	108.0	-46.6	-39.8	94.2	-29.8
3328.57	-54.5	110.0	-47.0	-39.9	96.1	-31.1
3342.86	-55.1	111.0	-47.5	-42.4	97.4	-31.2
3357.14	-55.6	112.0	-47.9	-42.9	99.2	-31.5
3371.43	-56.2	114.0	-48.4	-42.5	102.0	-31.3
3385.71	-56.9	115.0	-48.8	-43.0	105.0	-31.4
3400.0	-57.4	117.0	-49.2	-42.6	106.0	-32.1
3414.29	-58.1	118.0	-49.7	-43.5	109.0	-30.8
3428.57	-58.7	120.0	-50.1	-42.6	111.0	-30.2
3442.86	-59.4	122.0	-50.5	-43.3	113.0	-30.8
3457.14	-59.9	123.0	-51.0	-42.6	115.0	-31.3
3471.43	-60.5	125.0	-51.4	-41.2	117.0	-30.6
3485.71	-61.1	126.0	-51.8	-43.0	119.0	-30.2
3500.0	-61.7	128.0	-52.3	-41.1	121.0	-29.8
3514.29	-62.2	130.0	-52.7	-42.0	123.0	-29.6
3528.57	-62.8	132.0	-53.1	-42.3	123.0	-30.0
3542.86	-63.5	134.0	-53.5	-42.3	128.0	-29.6
3557.14	-64.0	135.0	-54.0	-41.4	128.0	-29.1
3571.43	-64.6	137.0	-54.4	-42.8	132.0	-28.2
3585.71	-65.3	139.0	-54.8	-42.4	134.0	-27.4
3600.0	-65.9	141.0	-55.2	-42.1	140.0	-27.1
3614.29	-66.5	143.0	-55.5	-43.4	141.0	-27.1
3628.57	-67.2	145.0	-55.9	-44.7	146.0	-27.9
3642.86	-67.8	147.0	-56.3	-44.5	149.0	-27.4
3657.14	-68.4	150.0	-56.7	-44.6	154.0	-26.5
3671.43	-69.0	152.0	-57.1	-42.2	157.0	-25.7
3685.71	-69.7	154.0	-57.4	-43.3	163.0	-23.7
3700.0	-70.2	156.0	-57.8	-42.4	165.0	-22.9
3714.29	-70.9	159.0	-58.1	-44.6	171.0	-21.0
3728.57	-71.6	161.0	-58.4	-42.2	173.0	-19.2
3742.86	-72.1	164.0	-58.6	-44.0	177.0	-17.4
3757.14	-72.8	166.0	-58.9	-44.8	182.0	-16.0
3771.43	-73.4	169.0	-59.1	-44.3	188.0	-13.7
3785.71	-74.0	172.0	-59.2	-43.6	192.0	-10.9
3800.0	-74.7	175.0	-59.4	-43.9	200.0	-8.0
3814.29	-75.2	178.0	-59.5	-42.6	205.0	-3.58
3828.57	-75.8	181.0	-59.5	-38.0	212.0	0.384
3842.86	-76.3	184.0	-59.5	-38.3	219.0	4.65
3857.14	-77.0	187.0	-59.4	-35.8	228.0	10.4
3871.43	-77.5	190.0	-59.2	-32.1	234.0	15.9
3885.71	-77.9	193.0	-58.9	-27.3	243.0	23.7
3900.0	-78.2	197.0	-58.5	-19.9	251.0	33.5
3914.29	-78.5	201.0	-58.0	-14.8	258.0	45.0
3928.57	-78.6	204.0	-57.2	-5.64	264.0	57.9
3942.86	-78.7	208.0	-56.3	5.71	268.0	72.9
3957.14	-78.5	212.0	-55.1	18.4	268.0	89.8
3971.43	-78.0	216.0	-53.7	33.5	263.0	105.0
3985.71	-77.5	220.0	-52.1	46.7	254.0	120.0
4000.0	-76.8	223.0	-50.3	56.1	244.0	130.0
4014.29	-75.8	227.0	-48.4	69.7	230.0	140.0
4028.57	-74.8	230.0	-46.4	74.4	217.0	145.0
4042.86	-73.7	233.0	-44.3	81.8	206.0	147.0
4057.14	-72.5	236.0	-42.2	85.6	193.0	149.0
4071.43	-71.2	238.0	-40.1	90.5	182.0	148.0
4085.71	-69.8	241.0	-38.0	91.2	168.0	146.0
4100.0	-68.6	243.0	-35.9	91.9	157.0	143.0
4114.29	-67.3	246.0	-34.0	92.1	149.0	138.0
4128.57	-66.0	248.0	-32.0	90.7	136.0	133.0
4142.86	-64.9	249.0	-30.2	86.7	128.0	128.0
4157.14	-63.6	251.0	-28.4	85.2	119.0	123.0
4171.43	-62.4	253.0	-26.7	85.0	112.0	118.0
4185.71	-61.3	254.0	-25.0	82.3	104.0	113.0
4200.0	-60.1	256.0	-23.4	81.7	97.2	109.0
4214.29	-58.9	257.0	-21.9	77.9	90.5	104.0
4228.57	-57.9	258.0	-20.4	76.1	86.1	99.2
4242.86	-56.9	260.0	-19.0	74.6	78.7	96.1
4257.14	-55.8	261.0	-17.7	73.3	74.7	92.0
4271.43	-54.8	262.0	-16.4	71.4	69.2	88.3
4285.71	-53.8	263.0	-15.2	69.5	65.4	85.2
4300.0	-52.9	264.0	-14.0	70.5	60.6	81.1
4314.29	-51.9	264.0	-12.8	67.6	57.3	78.6
4328.57	-50.9	265.0	-11.7	65.7	52.1	74.5
4342.86	-50.0	266.0	-10.7	65.0	48.7	71.7
4357.14	-49.1	266.0	-9.7	63.8	44.8	70.1
4371.43	-48.1	267.0	-8.69	62.7	40.5	67.9
4385.71	-47.3	267.0	-7.72	62.2	36.6	66.0
4400.0	-46.5	268.0	-6.82	61.8	33.0	64.2
4414.29	-45.7	268.0	-5.93	61.1	30.4	61.7
4428.57	-44.6	269.0	-5.01	61.2	26.3	62.1
4442.86	-43.7	269.0	-4.14	60.7	22.1	60.5
4457.14	-42.9	269.0	-3.28	56.8	19.6	59.0
4471.43	-42.1	270.0	-2.49	58.8	15.8	57.3
4485.71	-41.4	270.0	-1.69	57.4	13.6	54.3
4500.0	-40.4	270.0	-0.916	57.9	9.14	52.8
4514.29	-39.6	270.0	-0.146	57.8	5.79	53.3
4528.57	-38.7	270.0	0.582	57.9	3.22	52.4
4542.86	-37.9	270.0	1.34	57.2	-0.797	51.6
4557.14	-37.2	270.0	2.04	54.8	-2.41	49.9
4571.43	-36.4	270.0	2.73	54.1	-5.32	50.1
4585.71	-35.6	270.0	3.46	54.3	-7.56	48.5
4600.0	-34.9	270.0	4.14	53.7	-8.98	47.6
4614.29	-34.1	270.0	4.82	52.0	-12.5	46.9
4628.57	-33.4	270.0	5.5	51.6	-13.5	44.5
4642.86	-32.5	269.0	6.14	51.9	-17.6	44.2
4657.14	-32.0	269.0	6.72	51.0	-18.5	42.5
4671.43	-31.2	269.0	7.34	50.2	-19.2	42.2
4685.71	-30.5	269.0	7.92	51.7	-20.6	40.3
4700.0	-29.7	268.0	8.52	52.2	-25.0	40.3
4714.29	-28.9	268.0	9.11	50.6	-28.1	38.5
4728.57	-28.2	267.0	9.63	49.2	-31.0	38.3
4742.86	-27.6	267.0	10.2	48.9	-33.1	36.1
4757.14	-26.8	266.0	10.7	49.3	-36.0	35.7
4771.43	-26.0	266.0	11.2	49.8	-39.8	35.3
4785.71	-25.4	265.0	11.7	50.2	-40.0	34.0
4800.0	-24.7	265.0	12.2	50.3	-41.7	32.8
4814.29	-23.9	264.0	12.7	48.9	-45.6	32.1
4828.57	-23.3	263.0	13.1	49.6	-45.7	31.0
4842.86	-22.6	263.0	13.5	49.1	-48.1	31.9
4857.14	-21.9	262.0	14.0	49.2	-50.7	30.5
4871.43	-21.2	261.0	14.4	47.3	-52.0	30.3
4885.71	-20.6	261.0	14.8	46.6	-54.8	29.4
4900.0	-19.9	260.0	15.3	45.2	-55.4	29.2
4914.29	-19.2	259.0	15.7	44.1	-57.5	27.9
4928.57	-18.5	258.0	16.1	45.2	-59.7	26.2
4942.86	-17.9	257.0	16.5	44.1	-62.9	26.6
4957.14	-17.3	256.0	16.8	44.3	-65.0	25.2
4971.43	-16.7	255.0	17.2	43.2	-66.4	22.9
4985.71	-16.1	255.0	17.5	44.3	-68.6	23.3
5000.0	-15.5	254.0	17.8	43.3	-70.5	21.5
5014.29	-14.8	253.0	18.1	41.9	-73.3	21.0
5028.57	-14.3	251.0	18.4	40.4	-75.0	18.9
5042.86	-13.8	250.0	18.7	39.4	-75.6	16.9
5057.14	-13.2	249.0	18.9	39.0	-77.5	15.9
5071.43	-12.6	248.0	19.1	37.8	-79.9	14.9
5085.71	-12.0	247.0	19.4	39.1	-83.1	14.2
5100.0	-11.5	246.0	19.5	38.6	-83.6	10.9
5114.29	-10.9	245.0	19.7	37.0	-85.8	9.69
5128.57	-10.4	243.0	19.8	37.9	-86.4	8.32
5142.86	-9.85	242.0	19.9	37.3	-89.1	6.02
5157.14	-9.37	241.0	20.0	36.0	-88.9	3.4
5171.43	-8.88	239.0	20.0	35.1	-89.8	2.38
5185.71	-8.37	238.0	20.0	33.8	-91.2	0.196
5200.0	-7.86	237.0	20.0	33.4	-92.6	-3.23
5214.29	-7.41	236.0	20.0	30.8	-93.6	-5.33
5228.57	-7.0	234.0	19.8	31.5	-94.3	-9.3
5242.86	-6.51	233.0	19.7	30.5	-94.2	-12.7
5257.14	-6.05	231.0	19.5	30.7	-93.3	-16.7
5271.43	-5.66	230.0	19.2	32.2	-91.7	-19.0
5285.71	-5.13	229.0	19.0	32.4	-91.9	-19.4
5300.0	-4.63	228.0	18.7	34.0	-91.4	-20.3
5314.29	-4.23	226.0	18.4	34.3	-90.8	-20.7
5328.57	-3.69	225.0	18.1	35.8	-90.2	-21.4
5342.86	-3.24	224.0	17.7	35.6	-90.4	-21.9
5357.14	-2.72	222.0	17.4	36.0	-91.2	-22.6
5371.43	-2.2	221.0	17.1	35.1	-93.0	-22.4
5385.71	-1.66	220.0	16.8	35.6	-94.7	-22.3
5400.0	-1.18	218.0	16.5	35.8	-95.4	-23.1
5414.29	-0.557	217.0	16.2	36.1	-98.6	-20.7
5428.57	-0.193	216.0	15.9	35.5	-99.7	-21.0
5442.86	0.392	214.0	15.6	35.5	-103.0	-20.5
5457.14	0.831	213.0	15.3	35.4	-104.0	-19.6
5471.43	1.28	211.0	14.9	34.9	-108.0	-19.8
5485.71	1.86	209.0	14.7	33.6	-111.0	-20.9
5500.0	2.32	208.0	14.4	34.0	-113.0	-19.3
5514.29	2.85	206.0	14.2	34.2	-119.0	-17.6
5528.57	3.29	205.0	13.9	32.2	-121.0	-19.5
5542.86	3.78	203.0	13.6	33.7	-124.0	-17.5
5557.14	4.25	201.0	13.4	32.9	-126.0	-17.7
5571.43	4.72	199.0	13.1	31.5	-129.0	-17.3
5585.71	5.1	197.0	12.8	31.3	-134.0	-18.9
5600.0	5.56	195.0	12.6	29.1	-138.0	-19.5
5614.29	6.01	193.0	12.3	28.3	-143.0	-20.1
5628.57	6.36	191.0	12.0	26.3	-148.0	-20.6
5642.86	6.73	189.0	11.7	24.2	-152.0	-21.5
5657.14	7.04	187.0	11.4	21.4	-156.0	-23.1
5671.43	7.4	185.0	11.0	21.3	-163.0	-24.2
5685.71	7.6	182.0	10.6	17.8	-167.0	-27.4
5700.0	7.85	180.0	10.2	14.9	-173.0	-28.6
5714.29	7.98	177.0	9.81	11.8	-177.0	-32.7
5728.57	8.08	175.0	9.3	8.05	-185.0	-35.0
5742.86	8.24	172.0	8.8	6.07	-194.0	-36.6
5757.14	8.23	169.0	8.25	0.363	-202.0	-41.6
5771.43	8.29	166.0	7.66	-4.77	-213.0	-45.6
5785.71	8.14	163.0	6.92	-9.75	-224.0	-51.1
5800.0	7.93	160.0	6.18	-18.7	-238.0	-57.8
5814.29	7.6	156.0	5.32	-32.7	-254.0	-67.8
5828.57	7.06	153.0	4.26	-49.6	-275.0	-81.3
5842.86	6.03	148.0	2.96	-93.0	-292.0	-101.0
5857.14	4.22	145.0	1.56	-153.0	-234.0	-83.6
5871.43	2.04	142.0	0.557	-150.0	-172.0	-51.9
5885.71	-0.0366	140.0	-0.0286	-136.0	-136.0	-35.0
5900.0	-1.78	138.0	-0.435	-114.0	-111.0	-21.6
5914.29	-3.28	136.0	-0.721	-95.6	-90.8	-13.4
5928.57	-4.43	135.0	-0.777	-75.2	-76.0	-4.88
5942.86	-5.45	134.0	-0.879	-57.5	-59.8	0.665
5957.14	-6.15	134.0	-0.777	-40.3	-48.2	8.53
5971.43	-6.61	133.0	-0.68	-26.3	-37.4	13.6
5985.71	-6.87	132.0	-0.416	-11.7	-28.7	17.1
6000.0	-6.94	132.0	-0.135	1.82	-19.7	21.6
6014.29	-6.73	132.0	0.27	14.4	-12.9	25.9
6028.57	-6.66	132.0	0.548	22.4	-6.44	28.0
6042.86	-6.15	132.0	1.03	33.9	0.00138	31.0
6057.14	-5.58	132.0	1.54	42.2	5.27	34.7
6071.43	-5.02	132.0	2.05	51.4	11.2	36.6
6085.71	-4.01	132.0	2.58	59.6	16.2	40.5
6100.0	-3.22	132.0	3.17	68.8	22.7	42.8
6114.29	-2.26	133.0	3.77	77.2	28.9	45.6
6128.57	-1.16	133.0	4.39	85.0	34.9	48.6
6142.86	0.167	134.0	5.15	91.2	41.3	52.1
6157.14	2.27	135.0	6.14	102.0	50.2	56.9
6171.43	3.19	135.0	6.89	108.0	57.7	60.2
6185.71	4.82	136.0	7.75	116.0	67.3	64.6
6200.0	6.28	137.0	8.53	128.0	81.2	72.5
6214.29	8.39	138.0	9.76	142.0	104.0	85.3
6228.57	17.2	142.0	14.0	201.0	201.0	146.0
6242.86	19.6	145.0	16.3	116.0	96.5	141.0
6257.14	13.4	143.0	14.1	73.7	27.9	80.4
6271.43	21.9	146.0	18.9	55.3	-17.4	64.1
6285.71	15.7	143.0	16.0	45.8	-24.9	36.0
6300.0	15.9	143.0	16.3	32.0	-43.9	12.9
6314.29	16.1	141.0	16.1	41.4	-54.1	17.5
6328.57	23.1	142.0	19.1	49.9	-34.8	65.1
6342.86	23.1	141.0	19.3	43.3	-47.1	42.0
6357.14	19.3	141.0	18.8	52.1	-34.6	43.7
6371.43	19.2	140.0	18.9	47.5	-34.5	34.7
6385.71	24.4	139.0	20.1	37.7	-50.4	18.0
6400.0	20.4	139.0	19.8	48.6	-33.8	31.2
6414.29	24.9	138.0	19.4	34.9	-36.8	1.86
6428.57	25.5	138.0	19.6	40.4	-25.6	16.5
6442.86	24.2	138.0	22.1	55.1	-25.4	43.3
6457.14	24.8	138.0	22.8	55.9	-20.3	44.7
6471.43	25.2	137.0	23.1	54.9	-23.3	41.6
6485.71	26.3	137.0	23.8	56.7	-23.3	39.7
6500.0	27.0	137.0	24.4	56.0	-25.0	37.1
6514.29	28.0	136.0	24.9	54.5	-26.6	36.0
6528.57	28.2	136.0	25.0	55.8	-28.4	32.3
6542.86	28.9	135.0	25.6	54.2	-30.5	30.2
6557.14	30.4	135.0	26.3	56.7	-30.4	31.3
6571.43	30.4	134.0	26.5	56.1	-30.9	30.5
6585.71	31.4	134.0	26.9	55.4	-30.4	29.7
6600.0	32.1	134.0	27.2	53.6	-32.1	29.0
6614.29	33.3	133.0	28.0	54.5	-31.1	32.2
6628.57	33.5	133.0	28.0	53.9	-27.7	32.5
6642.86	34.0	132.0	28.3	54.4	-26.7	35.9
6657.14	35.1	132.0	29.1	52.4	-29.3	35.8
6671.43	35.7	131.0	29.6	49.2	-31.2	30.2
6685.71	36.5	131.0	30.0	52.4	-30.3	37.8
6700.0	37.2	131.0	30.5	51.1	-29.8	37.2
6714.29	37.6	130.0	30.9	47.0	-31.1	34.9
6728.57	38.4	130.0	31.4	46.5	-31.9	36.9
6742.86	39.2	129.0	32.0	44.0	-34.5	33.4
6757.14	39.9	129.0	32.6	43.1	-34.7	31.8
6771.43	40.1	128.0	32.8	45.3	-34.3	37.2
6785.71	41.0	128.0	33.5	45.7	-33.9	37.8
6800.0	41.4	127.0	33.7	41.7	-37.0	32.2
6814.29	41.8	127.0	34.1	42.3	-36.1	32.0
6828.57	42.5	126.0	34.6	41.5	-36.3	30.5
6842.86	43.4	126.0	35.1	43.3	-36.6	31.1
6857.14	43.8	125.0	35.6	41.4	-34.3	29.0
6871.43	44.3	125.0	35.9	40.8	-36.1	29.2
6885.71	45.0	124.0	36.4	40.7	-35.0	29.6
6900.0	45.4	124.0	36.7	40.5	-34.3	25.1
6914.29	46.1	123.0	37.1	38.3	-33.8	24.5
6928.57	46.6	123.0	37.4	41.9	-32.4	25.4
6942.86	47.2	122.0	37.8	42.3	-29.9	27.3
6957.14	47.9	122.0	38.3	40.7	-31.6	23.7
6971.43	48.4	121.0	38.6	39.3	-29.3	23.3
6985.71	48.9	121.0	38.8	41.3	-26.3	24.0
7000.0	49.3	121.0	39.1	39.9	-27.9	23.2
7014.29	50.1	120.0	39.4	41.2	-24.7	25.2
7028.57	50.6	120.0	39.9	41.3	-24.6	24.2
7042.86	51.1	119.0	40.2	40.2	-24.3	22.8
7057.14	51.8	119.0	40.5	40.3	-24.8	21.9
7071.43	52.4	119.0	40.7	41.8	-21.5	26.1
7085.71	52.7	119.0	41.1	40.0	-21.0	22.7
7100.0	53.5	118.0	41.4	40.5	-22.1	23.1
7114.29	54.1	118.0	41.8	39.3	-21.0	22.9
7128.57	54.5	118.0	42.0	39.6	-20.8	23.6
7142.86	55.2	117.0	42.5	37.6	-21.1	21.0
7157.14	55.7	117.0	42.8	37.6	-22.7	19.2
7171.43	56.2	117.0	43.0	36.7	-22.5	20.0
7185.71	56.7	116.0	43.1	38.6	-22.5	19.4
7200.0	57.1	116.0	43.5	37.6	-22.7	19.9
7214.29	57.7	116.0	43.8	39.3	-23.2	22.0
7228.57	58.3	115.0	44.1	37.5	-24.3	20.0
7242.86	58.8	115.0	44.5	34.5	-25.1	18.7
7257.14	59.3	115.0	44.7	34.8	-25.3	21.7
7271.43	59.7	114.0	45.0	36.8	-23.9	22.4
7285.71	60.3	114.0	45.3	36.1	-26.7	23.0
7300.0	60.8	114.0	45.7	34.8	-25.2	22.9
7314.29	61.4	113.0	45.8	34.4	-26.9	21.7
7328.57	61.8	113.0	46.3	34.6	-26.0	22.4
7342.86	62.2	113.0	46.6	34.4	-25.5	23.2
7357.14	62.8	112.0	47.0	33.1	-26.6	24.5
7371.43	63.3	112.0	47.1	35.0	-26.1	26.9
7385.71	63.9	111.0	47.7	34.5	-24.9	28.8
7400.0	64.3	111.0	48.1	35.7	-24.7	28.3
7414.29	64.9	111.0	48.6	33.9	-27.0	29.1
7428.57	65.2	110.0	48.9	32.9	-26.0	27.7
7442.86	65.8	110.0	49.2	31.4	-26.3	27.4
7457.14	66.3	110.0	49.7	31.0	-25.4	26.1
7471.43	66.6	109.0	50.1	31.5	-23.9	26.5
7485.71	67.1	109.0	50.4	30.4	-25.6	28.4
7500.0	67.5	109.0	50.7	30.4	-26.2	24.5
7514.29	68.0	108.0	51.2	31.0	-26.4	25.3
7528.57	68.4	108.0	51.6	29.5	-26.4	25.6
7542.86	68.7	107.0	51.9	30.9	-25.4	24.4
7557.14	69.1	107.0	52.2	29.6	-27.4	23.2
7571.43	69.6	107.0	52.5	27.4	-27.4	22.0
7585.71	70.1	106.0	52.9	27.1	-28.1	24.2
7600.0	70.4	106.0	53.1	27.4	-27.7	21.8
7614.29	70.8	106.0	53.5	27.3	-27.2	22.1
7628.57	71.1	105.0	53.6	29.1	-25.0	23.2
7642.86	71.5	105.0	54.1	27.9	-25.4	24.0
7657.14	72.1	104.0	54.4	26.8	-23.0	22.4
7671.43	72.2	104.0	54.6	26.7	-22.0	24.1
7685.71	72.7	104.0	55.1	26.0	-23.5	21.7
7700.0	73.2	103.0	55.5	26.0	-20.6	21.7
7714.29	73.7	103.0	55.8	25.8	-22.2	20.8
7728.57	73.9	103.0	56.1	26.4	-20.1	20.3
7742.86	74.2	103.0	56.2	27.2	-19.7	19.5
7757.14	74.7	102.0	56.6	27.2	-20.9	17.3
7771.43	75.0	102.0	56.9	26.8	-21.3	17.9
7785.71	75.4	101.0	57.1	26.3	-19.1	16.8
7800.0	75.8	101.0	57.4	26.2	-18.6	16.4
7814.29	76.0	101.0	57.4	25.8	-19.1	13.4
7828.57	76.2	101.0	57.2	27.3	-17.7	13.9
7842.86	76.9	101.0	58.1	26.7	-17.9	16.1
7857.14	77.2	100.0	58.2	28.6	-15.2	16.2
7871.43	77.6	100.0	58.3	28.0	-17.2	15.8
7885.71	78.1	99.7	58.6	27.9	-19.1	15.8
7900.0	78.6	99.7	58.8	30.8	-15.9	15.5
7914.29	78.9	99.3	59.1	29.5	-16.4	14.4
7928.57	79.5	99.2	59.3	31.1	-16.5	17.0
7942.86	79.9	99.0	59.5	33.9	-16.4	18.3
7957.14	80.2	98.6	59.7	33.0	-17.0	17.1
7971.43	80.8	98.3	60.0	32.5	-15.3	18.7
7985.71	81.3	98.3	60.5	34.2	-15.9	19.2
8000.0	81.8	97.9	60.6	33.3	-14.2	20.3
8014.29	82.3	97.9	60.8	35.7	-14.8	21.1
8028.57	82.5	98.8	60.5	35.0	-15.0	22.3
8042.86	83.3	97.2	61.6	34.2	-13.1	23.2
8057.14	83.8	97.3	61.7	36.1	-14.8	22.6
8071.43	84.3	97.0	62.2	35.6	-15.6	22.5
8085.71	84.8	96.7	62.5	36.2	-15.4	22.8
8100.0	85.3	96.4	62.8	36.3	-15.6	23.4
8114.29	85.6	96.4	63.0	38.5	-13.8	23.4
8128.57	86.3	95.9	63.4	36.9	-16.9	23.1
8142.86	86.8	96.0	63.6	36.7	-17.0	24.5
8157.14	87.3	95.6	64.0	37.6	-17.0	23.2
8171.43	88.0	95.5	64.6	37.2	-17.5	28.3
8185.71	88.6	95.1	64.9	37.7	-17.0	27.6
8200.0	88.9	94.9	65.2	36.8	-17.2	27.8
8214.29	89.5	94.6	65.8	37.5	-16.7	29.2
8228.57	90.1	94.5	66.3	38.4	-17.4	32.5
8242.86	90.4	94.8	66.2	39.5	-15.7	32.1
8257.14	91.3	93.8	67.1	38.7	-16.5	32.8
8271.43	91.9	93.8	67.6	40.4	-16.1	33.2
8285.71	92.5	93.4	68.2	39.8	-17.2	34.3
8300.0	93.0	93.7	68.4	39.6	-16.8	34.1
8314.29	93.5	93.1	68.8	41.0	-18.2	34.3
8328.57	94.1	92.6	69.6	39.3	-18.3	34.3
8342.86	94.5	92.8	69.8	41.1	-21.7	34.9
8357.14	95.1	92.3	70.4	39.6	-21.2	36.1
8371.43	95.7	91.9	70.9	39.1	-21.6	34.9
8385.71	96.4	91.5	71.6	38.8	-21.8	35.2
8400.0	96.9	91.3	72.0	37.4	-21.9	32.4
8414.29	97.3	91.2	72.2	38.5	-21.6	34.5
8428.57	98.0	90.6	73.0	37.9	-21.7	33.9
8442.86	98.6	90.1	73.5	38.1	-21.9	34.4
8457.14	99.0	90.0	73.9	37.4	-22.2	32.7
8471.43	99.4	90.2	74.1	36.5	-21.5	31.9
8485.71	100.0	89.2	74.9	35.0	-21.8	29.6
8500.0	100.0	89.1	75.1	35.8	-22.7	31.3
8514.29	101.0	88.6	75.7	35.1	-22.5	29.3
8528.57	102.0	88.5	76.0	35.8	-24.1	28.5
8542.86	102.0	87.9	76.4	34.9	-23.8	26.8
8557.14	103.0	87.5	77.0	34.5	-24.7	27.5
8571.43	103.0	87.3	77.3	34.6	-23.5	26.6
8585.71	104.0	86.9	77.7	34.4	-25.3	27.4
8600.0	104.0	86.8	78.0	33.6	-23.9	27.3
8614.29	105.0	86.2	78.6	34.3	-25.4	26.7
8628.57	105.0	86.0	78.7	35.3	-24.5	26.2
8642.86	105.0	85.7	79.2	34.2	-23.8	27.5
8657.14	106.0	85.4	79.5	34.2	-24.2	25.6
8671.43	106.0	84.7	79.9	33.5	-25.1	26.6
8685.71	107.0	84.7	80.3	33.3	-24.6	27.5
8700.0	107.0	84.1	80.7	32.6	-26.8	24.9
8714.29	108.0	83.7	81.0	33.3	-24.7	23.6
8728.57	108.0	83.6	81.4	31.0	-27.0	25.1
8742.86	109.0	83.0	81.8	31.0	-27.6	22.2
8757.14	109.0	82.4	81.9	29.4	-27.1	21.6
8771.43	110.0	82.3	82.3	30.0	-25.6	21.1
8785.71	110.0	81.9	82.6	29.2	-27.0	19.3
8800.0	110.0	80.8	82.8	29.6	-26.9	18.0
8814.29	111.0	81.0	83.3	32.4	-23.0	20.9
8828.57	111.0	80.7	83.6	31.6	-26.8	21.1
8842.86	112.0	80.4	83.8	31.2	-25.2	21.8
8857.14	112.0	79.9	84.1	33.1	-26.8	22.5
8871.43	113.0	79.5	84.4	32.0	-25.8	20.5
8885.71	113.0	79.3	84.7	32.3	-28.5	21.6
8900.0	114.0	78.9	85.1	32.8	-26.3	22.5
8914.29	114.0	78.3	85.4	31.9	-25.1	21.4
8928.57	115.0	77.9	85.8	32.5	-27.3	22.5
8942.86	115.0	77.5	86.0	33.1	-28.0	24.5
8957.14	116.0	77.2	86.4	31.0	-26.6	22.8
8971.43	116.0	76.6	86.6	31.1	-26.3	23.7
8985.71	116.0	76.4	87.1	30.3	-27.5	21.0
9000.0	117.0	76.2	87.3	31.1	-26.2	21.6
9014.29	117.0	75.6	87.6	29.9	-26.4	20.6
9028.57	118.0	75.3	87.9	30.5	-26.6	21.2
9042.86	118.0	74.7	88.3	30.3	-25.6	20.7
9057.14	118.0	74.0	88.3	28.4	-25.0	19.5
9071.43	119.0	74.1	88.7	29.1	-25.5	19.9
9085.71	119.0	73.7	88.9	27.7	-24.7	19.9
9100.0	119.0	72.7	89.1	29.0	-23.9	18.0
9114.29	119.0	72.2	89.3	27.8	-25.1	17.3
9128.57	121.0	72.8	89.9	28.4	-25.0	18.1
9142.86	121.0	72.4	90.2	29.1	-26.9	18.3
9157.14	121.0	71.2	90.0	28.6	-25.2	17.4
9171.43	122.0	71.6	90.6	29.9	-25.0	17.2
9185.71	122.0	71.3	91.0	29.4	-25.7	19.0
9200.0	122.0	70.1	90.8	28.4	-25.7	17.9
9214.29	122.0	69.9	91.3	28.7	-24.9	18.9
9228.57	124.0	70.1	91.9	28.5	-25.5	19.6
9242.86	123.0	68.9	91.8	29.0	-25.8	18.0
9257.14	124.0	68.6	91.9	30.2	-23.4	18.7
9271.43	125.0	69.0	92.6	30.0	-24.5	18.8
9285.71	125.0	68.7	93.0	29.6	-24.9	20.1
9300.0	125.0	67.8	93.0	28.8	-24.1	18.8
9314.29	125.0	67.3	93.0	28.2	-25.0	17.9
9328.57	126.0	66.9	93.2	28.9	-24.0	19.1
9342.86	126.0	66.4	93.6	27.9	-24.4	18.6
9357.14	127.0	66.8	94.3	27.3	-24.9	18.0
9371.43	127.0	65.9	94.1	28.8	-23.8	19.1
9385.71	127.0	65.4	94.3	28.1	-23.6	19.8
9400.0	128.0	65.5	95.0	27.3	-26.0	19.5
9414.29	129.0	65.4	95.5	27.6	-24.3	21.0
9428.57	129.0	64.9	95.6	26.7	-26.3	20.2
9442.86	130.0	64.7	96.0	28.0	-23.5	22.0
9457.14	130.0	64.2	96.3	26.7	-24.9	22.2
9471.43	130.0	63.9	96.5	27.4	-25.1	20.8
9485.71	130.0	63.0	96.5	26.4	-21.9	23.6
9500.0	131.0	63.3	97.4	26.3	-22.0	23.7
9514.29	131.0	62.6	97.3	26.4	-21.0	24.7
9528.57	131.0	62.1	97.4	26.9	-20.7	24.7
9542.86	132.0	61.8	97.8	28.1	-19.3	24.0
9557.14	133.0	62.2	98.7	26.3	-19.1	24.5
9571.43	133.0	61.5	98.7	27.7	-17.5	25.0
9585.71	134.0	61.7	99.4	27.5	-16.6	25.2
9600.0	134.0	60.9	99.4	28.2	-16.1	24.3
9614.29	134.0	61.2	100.0	29.2	-14.6	24.9
9628.57	135.0	61.1	100.0	27.6	-15.9	25.7
9642.86	135.0	60.8	101.0	30.0	-14.4	25.3
9657.14	135.0	60.1	101.0	30.5	-14.1	25.5
9671.43	136.0	60.4	102.0	27.8	-15.3	25.6
9685.71	137.0	60.3	102.0	29.6	-14.3	26.1
9700.0	137.0	59.5	102.0	32.4	-13.6	24.7
9714.29	137.0	59.6	103.0	29.6	-15.1	24.2
9728.57	138.0	59.6	103.0	30.9	-14.5	24.6
9742.86	138.0	58.9	103.0	32.1	-13.9	26.0
9757.14	138.0	58.6	104.0	31.9	-17.0	26.1
9771.43	139.0	59.0	104.0	32.2	-17.7	27.6
9785.71	140.0	58.4	104.0	32.3	-16.9	25.8
9800.0	140.0	57.9	105.0	32.4	-16.6	26.7
9814.29	140.0	57.7	105.0	33.3	-16.2	25.6
9828.57	141.0	57.6	106.0	33.4	-17.1	25.9
9842.86	142.0	57.7	106.0	35.5	-15.7	29.9
9857.14	142.0	57.4	106.0	35.1	-16.2	26.2
9871.43	143.0	57.2	107.0	34.4	-16.5	28.3
9885.71	143.0	56.5	107.0	35.2	-16.7	27.0
9900.0	143.0	56.3	108.0	36.1	-17.2	29.5
9914.29	144.0	56.5	108.0	36.0	-18.3	31.3
9928.57	145.0	55.7	108.0	35.7	-16.7	29.2
9942.86	145.0	55.8	109.0	35.5	-17.0	29.1
9957.14	145.0	55.3	109.0	36.1	-18.4	28.9
9971.43	146.0	55.1	110.0	36.8	-18.7	29.1
9985.71	147.0	54.9	110.0	36.5	-20.1	30.9
10000.0	147.0	54.5	110.0	35.9	-19.5	29.0
