# Time	z_disp	vz_disp
0.000	0.695	56.347
14.286	0.707	56.299
28.571	0.704	56.328
42.857	0.709	56.543
57.143	0.707	56.954
71.429	0.711	57.213
85.714	0.716	57.491
100.000	0.719	57.438
114.286	0.727	57.551
128.571	0.721	57.584
142.857	0.727	57.872
157.143	0.734	58.593
171.429	0.733	57.919
185.714	0.748	57.521
200.000	0.745	58.210
214.286	0.747	58.169
228.571	0.755	58.429
242.857	0.756	58.681
257.143	0.759	59.335
271.429	0.771	59.178
285.714	0.775	59.494
300.000	0.771	59.343
314.286	0.784	59.809
328.571	0.782	59.591
342.857	0.788	59.805
357.143	0.784	59.562
371.429	0.790	60.473
385.714	0.787	60.609
400.000	0.783	60.298
414.286	0.791	60.281
428.571	0.786	60.291
442.857	0.792	60.712
457.143	0.787	61.002
471.429	0.793	60.816
485.714	0.799	61.035
500.000	0.795	60.932
514.286	0.799	61.368
528.571	0.802	61.266
542.857	0.799	61.390
557.143	0.798	61.375
571.429	0.808	61.988
585.714	0.807	61.853
600.000	0.807	62.128
614.286	0.806	62.558
628.571	0.818	61.929
642.857	0.822	62.064
657.143	0.832	62.776
671.429	0.835	62.177
685.714	0.840	62.213
700.000	0.834	62.209
714.286	0.839	62.240
728.571	0.840	63.142
742.857	0.829	63.231
757.143	0.840	63.227
771.429	0.835	63.413
785.714	0.834	63.170
800.000	0.845	63.466
814.286	0.840	63.104
828.571	0.850	63.390
842.857	0.850	63.695
857.143	0.850	63.231
871.429	0.852	63.951
885.714	0.842	63.927
900.000	0.854	63.913
914.286	0.859	63.914
928.571	0.862	64.265
942.857	0.860	64.439
957.143	0.860	64.455
971.429	0.869	64.168
985.714	0.871	64.626
1000.000	0.881	64.529
1014.290	0.879	64.358
1028.570	0.888	64.313
1042.860	0.891	64.637
1057.140	0.887	64.931
1071.430	0.883	65.272
1085.710	0.889	65.191
1100.000	0.890	64.919
1114.290	0.883	64.762
1128.570	0.896	65.150
1142.860	0.894	65.266
1157.140	0.892	65.701
1171.430	0.898	65.797
1185.710	0.899	65.195
1200.000	0.900	65.074
1214.290	0.901	65.599
1228.570	0.907	65.313
1242.860	0.897	65.233
1257.140	0.896	65.803
1271.430	0.907	65.863
1285.710	0.903	65.536
1300.000	0.895	66.260
1314.290	0.901	66.476
1328.570	0.899	66.134
1342.860	0.902	66.047
1357.140	0.914	66.038
1371.430	0.912	66.608
1385.710	0.908	66.658
1400.000	0.908	66.221
1414.290	0.920	66.375
1428.570	0.921	66.335
1442.860	0.921	66.591
1457.140	0.925	66.537
1471.430	0.928	66.770
1485.710	0.927	67.073
1500.000	0.921	66.677
1514.290	0.924	66.740
1528.570	0.936	67.304
1542.860	0.943	67.024
1557.140	0.940	67.635
1571.430	0.943	67.605
1585.710	0.949	67.168
1600.000	0.948	67.667
1614.290	0.950	67.128
1628.570	0.953	67.220
1642.860	0.958	67.326
1657.140	0.962	66.987
1671.430	0.965	67.576
1685.710	0.956	68.132
1700.000	0.958	67.443
1714.290	0.963	67.764
1728.570	0.965	67.649
1742.860	0.964	67.843
1757.140	0.957	67.609
1771.430	0.965	67.881
1785.710	0.965	67.243
1800.000	0.964	68.117
1814.290	0.967	68.029
1828.570	0.965	68.221
1842.860	0.965	68.526
1857.140	0.975	67.892
1871.430	0.974	68.303
1885.710	0.981	68.429
1900.000	0.980	68.592
1914.290	0.985	68.599
1928.570	0.989	68.573
1942.860	0.991	68.150
1957.140	0.990	68.425
1971.430	0.999	68.748
1985.710	0.993	68.495
2000.000	0.999	68.679
2014.290	1.003	68.565
2028.570	1.006	68.670
2042.860	1.009	69.105
2057.140	1.005	69.260
2071.430	1.012	69.270
2085.710	1.020	68.774
2100.000	1.009	69.222
2114.290	1.012	69.275
2128.570	1.012	69.136
2142.860	1.001	69.934
2157.140	1.006	69.704
2171.430	1.003	69.353
2185.710	1.008	69.666
2200.000	1.007	69.290
2214.290	1.008	69.437
2228.570	1.008	69.861
2242.860	1.004	69.822
2257.140	1.006	69.709
2271.430	1.015	69.981
2285.710	1.017	69.553
2300.000	1.021	69.851
2314.290	1.019	69.730
2328.570	1.025	70.017
2342.860	1.033	70.259
2357.140	1.031	69.850
2371.430	1.032	69.357
2385.710	1.030	69.792
2400.000	1.033	70.476
2414.290	1.037	70.201
2428.570	1.038	70.369
2442.860	1.038	70.652
2457.140	1.043	70.498
2471.430	1.041	71.145
2485.710	1.039	70.815
2500.000	1.038	70.458
2514.290	1.039	70.918
2528.570	1.051	70.571
2542.860	1.054	70.681
2557.140	1.053	70.567
2571.430	1.052	70.712
2585.710	1.058	70.941
2600.000	1.052	70.970
2614.290	1.054	71.123
2628.570	1.062	71.065
2642.860	1.062	71.339
2657.140	1.059	70.778
2671.430	1.058	71.612
2685.710	1.061	71.254
2700.000	1.069	71.494
2714.290	1.073	70.854
2728.570	1.062	71.176
2742.860	1.068	71.215
2757.140	1.072	71.418
2771.430	1.064	71.609
2785.710	1.068	71.667
2800.000	1.065	71.630
2814.290	1.072	71.506
2828.570	1.062	71.634
2842.860	1.069	71.215
2857.140	1.069	71.578
2871.430	1.071	71.500
2885.710	1.073	72.508
2900.000	1.083	71.600
2914.290	1.083	71.713
2928.570	1.084	71.751
2942.860	1.088	72.532
2957.140	1.087	72.325
2971.430	1.096	71.695
2985.710	1.101	71.843
3000.000	1.094	72.365
3014.290	1.091	72.567
3028.570	1.103	72.357
3042.860	1.094	72.376
3057.140	1.100	72.038
3071.430	1.103	72.450
3085.710	1.096	72.916
3100.000	1.097	72.568
3114.290	1.107	72.220
3128.570	1.110	72.821
3142.860	1.110	72.768
3157.140	1.108	73.227
3171.430	1.116	72.711
3185.710	1.116	72.143
3200.000	1.124	72.636
3214.290	1.114	72.522
3228.570	1.119	72.518
3242.860	1.114	73.397
3257.140	1.115	73.478
3271.430	1.118	73.320
3285.710	1.131	72.877
3300.000	1.133	73.248
3314.290	1.147	72.954
3328.570	1.141	73.391
3342.860	1.141	72.886
3357.140	1.150	73.370
3371.430	1.157	73.104
3385.710	1.159	73.357
3400.000	1.153	73.772
3414.290	1.154	73.852
3428.570	1.170	73.896
3442.860	1.176	73.163
3457.140	1.182	73.472
3471.430	1.177	73.830
3485.710	1.179	74.032
3500.000	1.191	73.250
3514.290	1.178	74.020
3528.570	1.176	73.755
3542.860	1.179	73.890
3557.140	1.195	73.972
3571.430	1.187	73.971
3585.710	1.177	74.243
3600.000	1.193	74.028
3614.290	1.186	74.058
3628.570	1.191	74.632
3642.860	1.194	74.090
3657.140	1.190	74.305
3671.430	1.179	74.458
3685.710	1.197	74.213
3700.000	1.212	74.058
3714.290	1.214	74.715
3728.570	1.213	74.586
3742.860	1.225	74.654
3757.140	1.251	74.989
3771.430	1.262	74.932
3785.710	1.263	74.820
3800.000	1.264	75.065
3814.290	1.280	75.248
3828.570	1.296	75.395
3842.860	1.287	75.516
3857.140	1.291	75.458
3871.430	1.325	75.657
3885.710	1.319	75.308
3900.000	1.342	75.021
3914.290	1.358	75.918
3928.570	1.373	76.133
3942.860	1.366	76.329
3957.140	1.386	76.547
3971.430	1.401	77.688
3985.710	1.431	77.563
4000.000	1.428	78.650
4014.290	1.453	77.387
4028.570	1.468	77.835
4042.860	1.525	77.051
4057.140	1.535	77.372
4071.430	1.547	77.420
4085.710	1.560	77.737
4100.000	1.573	77.306
4114.290	1.617	77.534
4128.570	1.622	78.120
4142.860	1.600	77.957
4157.140	1.648	78.502
4171.430	1.675	78.568
4185.710	1.716	78.122
4200.000	1.763	78.487
4214.290	1.798	78.757
4228.570	1.889	78.175
4242.860	1.886	78.353
4257.140	1.979	78.533
4271.430	2.034	78.365
4285.710	2.063	78.357
4300.000	2.099	78.302
4314.290	2.136	78.291
4328.570	2.149	78.191
4342.860	2.186	78.620
4357.140	2.201	78.994
4371.430	2.239	78.685
4385.710	2.259	78.805
4400.000	2.323	78.763
4414.290	2.329	79.207
4428.570	2.385	79.251
4442.860	2.393	79.112
4457.140	2.434	79.250
4471.430	2.436	79.676
4485.710	2.429	79.391
4500.000	2.429	79.789
4514.290	2.481	79.773
4528.570	2.522	79.596
4542.860	2.507	79.403
4557.140	2.538	79.995
4571.430	2.549	80.023
4585.710	2.569	79.898
4600.000	2.598	79.768
4614.290	2.608	80.093
4628.570	2.599	79.646
4642.860	2.673	79.977
4657.140	2.699	80.069
4671.430	2.682	80.080
4685.710	2.663	80.434
4700.000	2.675	80.217
4714.290	2.694	80.580
4728.570	2.716	80.335
4742.860	2.646	79.971
4757.140	2.700	80.397
4771.430	2.675	80.052
4785.710	2.637	80.771
4800.000	2.617	81.016
4814.290	2.693	80.748
4828.570	2.660	80.833
4842.860	2.664	81.448
4857.140	2.646	80.993
4871.430	2.685	80.746
4885.710	2.649	81.264
4900.000	2.718	81.460
4914.290	2.686	81.149
4928.570	2.692	80.557
4942.860	2.793	80.693
4957.140	2.780	80.388
4971.430	2.856	80.886
4985.710	2.844	80.771
5000.000	2.906	80.865
5014.290	2.888	80.651
5028.570	2.898	80.963
5042.860	2.841	80.646
5057.140	2.915	81.093
5071.430	2.851	81.010
5085.710	2.909	81.340
5100.000	2.807	81.521
5114.290	2.885	81.403
5128.570	2.894	81.485
5142.860	2.863	81.901
5157.140	2.846	81.970
5171.430	2.856	81.947
5185.710	2.818	81.996
5200.000	2.797	82.051
5214.290	2.869	81.969
5228.570	2.859	81.628
5242.860	2.865	81.639
5257.140	2.834	81.510
5271.430	2.816	81.876
5285.710	2.770	81.881
5300.000	2.816	81.582
5314.290	2.862	82.072
5328.570	2.803	82.159
5342.860	2.789	82.300
5357.140	2.773	82.463
5371.430	2.765	82.283
5385.710	2.742	82.088
5400.000	2.723	82.568
5414.290	2.786	82.311
5428.570	2.743	82.095
5442.860	2.814	83.308
5457.140	2.759	82.801
5471.430	2.801	82.566
5485.710	2.853	82.942
5500.000	2.795	82.682
5514.290	2.837	82.904
5528.570	2.874	83.129
5542.860	2.920	82.406
5557.140	2.885	82.181
5571.430	2.898	81.502
5585.710	2.898	82.230
5600.000	2.887	82.720
5614.290	2.869	82.369
5628.570	2.946	82.064
5642.860	2.934	82.310
5657.140	2.964	83.213
5671.430	2.909	82.582
5685.710	2.946	82.661
5700.000	2.962	83.164
5714.290	2.948	83.026
5728.570	2.932	83.376
5742.860	3.004	83.237
5757.140	3.011	83.367
5771.430	3.102	83.882
5785.710	3.162	83.905
5800.000	3.236	83.714
5814.290	3.202	84.844
5828.570	3.207	87.104
5842.860	3.248	92.410
5857.140	3.169	97.084
5871.430	3.432	106.364
5885.710	3.392	111.022
5900.000	3.481	110.109
5914.290	4.061	106.607
5928.570	4.536	103.438
5942.860	4.154	95.817
5957.140	5.266	98.617
5971.430	5.529	97.408
5985.710	5.502	94.148
6000.000	6.516	96.603
6014.290	6.794	95.287
6028.570	7.457	95.351
6042.860	7.867	94.686
6057.140	8.296	94.186
6071.430	8.355	93.860
6085.710	8.704	93.134
6100.000	8.813	92.524
6114.290	9.071	92.445
6128.570	8.881	92.031
6142.860	9.199	93.183
6157.140	9.110	93.748
6171.430	9.146	94.404
6185.710	9.014	96.117
6200.000	8.860	98.565
6214.290	8.604	103.536
6228.570	8.539	129.549
6242.860	8.932	146.580
6257.140	8.726	144.627
6271.430	8.328	141.274
6285.710	8.382	141.615
6300.000	8.164	148.919
6314.290	10.038	178.686
6328.570	9.848	158.974
6342.860	9.392	147.874
6357.140	9.633	147.993
6371.430	9.897	147.348
6385.710	9.883	147.008
6400.000	8.472	140.950
6414.290	9.302	144.322
6428.570	9.361	149.666
6442.860	9.183	152.880
6457.140	8.820	154.371
6471.430	9.022	153.515
6485.710	9.038	151.669
6500.000	8.809	152.025
6514.290	8.955	154.417
6528.570	8.844	154.379
6542.860	9.127	151.231
6557.140	9.120	155.014
6571.430	9.105	151.723
6585.710	9.027	151.786
6600.000	9.077	155.366
6614.290	9.110	151.357
6628.570	9.377	151.648
6642.860	9.421	152.807
6657.140	9.680	153.492
6671.430	9.670	152.095
6685.710	9.812	150.321
6700.000	9.917	150.663
6714.290	10.068	150.927
6728.570	9.862	150.578
6742.860	9.911	153.279
6757.140	10.043	149.188
6771.430	10.126	150.474
6785.710	10.012	151.882
6800.000	9.984	152.228
6814.290	10.108	152.821
6828.570	10.044	152.149
6842.860	10.044	153.663
6857.140	10.030	154.190
6871.430	10.100	152.774
6885.710	10.070	152.671
6900.000	10.132	154.341
6914.290	10.125	155.026
6928.570	9.999	155.197
6942.860	9.824	154.502
6957.140	10.101	154.162
6971.430	10.067	156.214
6985.710	10.067	157.062
7000.000	10.128	156.549
7014.290	9.812	157.327
7028.570	10.085	157.600
7042.860	9.778	158.275
7057.140	9.910	159.620
7071.430	9.984	159.197
7085.710	10.046	156.564
7100.000	10.105	156.969
7114.290	10.166	157.932
7128.570	10.063	159.294
7142.860	10.063	160.359
7157.140	9.993	160.228
7171.430	10.058	158.567
7185.710	10.158	159.708
7200.000	10.347	160.139
7214.290	10.411	160.235
7228.570	10.426	159.455
7242.860	10.608	159.492
7257.140	10.639	161.298
7271.430	10.625	161.724
7285.710	10.637	161.158
7300.000	10.630	161.023
7314.290	10.906	161.911
7328.570	10.947	162.606
7342.860	10.994	163.733
7357.140	11.084	161.570
7371.430	11.209	162.167
7385.710	11.247	164.703
7400.000	11.206	167.017
7414.290	11.376	166.203
7428.570	11.356	164.348
7442.860	11.446	163.971
7457.140	11.449	163.963
7471.430	11.455	165.985
7485.710	11.501	165.149
7500.000	11.526	165.036
7514.290	11.432	165.561
7528.570	11.608	166.451
7542.860	11.498	166.605
7557.140	11.477	165.904
7571.430	11.676	166.452
7585.710	11.560	165.714
7600.000	11.665	167.798
7614.290	11.668	165.970
7628.570	11.683	164.883
7642.860	11.751	164.709
7657.140	11.805	165.197
7671.430	11.756	166.685
7685.710	11.765	166.838
7700.000	11.762	164.679
7714.290	11.651	166.078
7728.570	11.686	167.922
7742.860	11.582	168.049
7757.140	11.466	165.912
7771.430	11.691	165.967
7785.710	11.602	166.264
7800.000	11.566	167.229
7814.290	11.578	166.565
7828.570	11.564	167.238
7842.860	11.540	168.568
7857.140	11.365	168.533
7871.430	11.328	169.832
7885.710	11.352	169.813
7900.000	11.281	168.185
7914.290	11.276	167.860
7928.570	11.224	168.810
7942.860	11.168	168.149
7957.140	11.121	167.465
7971.430	11.127	168.872
7985.710	11.167	170.136
8000.000	11.129	169.885
8014.290	11.071	169.055
8028.570	11.217	167.234
8042.860	11.125	165.448
8057.140	11.167	166.359
8071.430	11.083	165.878
8085.710	11.080	165.302
8100.000	11.118	166.450
8114.290	11.030	166.053
8128.570	10.981	166.795
8142.860	10.927	166.593
8157.140	10.923	166.243
8171.430	10.817	164.637
8185.710	10.892	164.775
8200.000	10.748	165.493
8214.290	10.799	166.354
8228.570	10.763	165.491
8242.860	10.889	165.472
8257.140	10.847	166.351
8271.430	10.859	166.533
8285.710	10.782	165.345
8300.000	10.812	164.949
8314.290	10.735	163.401
8328.570	10.669	163.451
8342.860	10.715	164.929
8357.140	10.570	165.484
8371.430	10.677	166.155
8385.710	10.625	165.200
8400.000	10.597	164.432
8414.290	10.579	165.065
8428.570	10.554	164.368
8442.860	10.556	165.403
8457.140	10.503	165.231
8471.430	10.570	166.664
8485.710	10.525	166.790
8500.000	10.520	166.800
8514.290	10.526	167.317
8528.570	10.491	166.146
8542.860	10.482	166.654
8557.140	10.541	166.228
