Time	x	y	z	vx	vy	vz
0.0	30.0	0.0	0.0	0.0	229.1	0.0
0.01	29.92	2.288	0.0	-16.73	228.5	0.0
0.02	29.67	4.564	0.0	-33.36	226.6	0.0
0.03	29.25	6.814	0.0	-49.78	223.4	0.0
0.04	28.67	9.026	0.0	-65.9	219.0	0.0
0.05	27.93	11.19	0.0	-81.63	213.4	0.0
0.06	27.04	13.29	0.0	-96.86	206.6	0.0
0.07	26.0	15.31	0.0	-111.5	198.7	0.0
0.08	24.81	17.26	0.0	-125.5	189.7	0.0
0.09	23.49	19.1	0.0	-138.7	179.8	0.0
0.1	22.04	20.85	0.0	-151.2	168.9	0.0
0.11	20.47	22.48	0.0	-162.8	157.1	0.0
0.12	18.79	23.98	0.0	-173.4	144.5	0.0
0.13	17.01	25.36	0.0	-183.0	131.2	0.0
0.14	15.14	26.61	0.0	-191.7	117.3	0.0
0.15	13.18	27.71	0.0	-199.2	102.8	0.0
0.16	11.16	28.66	0.0	-205.7	87.81	0.0
0.17	9.076	29.46	0.0	-211.0	72.46	0.0
0.18	6.945	30.11	0.0	-215.2	56.8	0.0
0.19	4.777	30.59	0.0	-218.3	40.92	0.0
0.2	2.584	30.92	0.0	-220.2	24.9	0.0
0.21	0.3785	31.09	0.0	-221.0	8.827	0.0
0.22	-1.829	31.1	0.0	-220.6	-7.226	0.0
0.23	-4.028	30.95	0.0	-219.1	-23.18	0.0
0.24	-6.206	30.64	0.0	-216.5	-38.96	0.0
0.25	-8.352	30.17	0.0	-212.8	-54.48	0.0
0.26	-10.46	29.55	0.0	-208.0	-69.69	0.0
0.27	-12.51	28.78	0.0	-202.1	-84.5	0.0
0.28	-14.49	27.86	0.0	-195.3	-98.86	0.0
0.29	-16.41	26.8	0.0	-187.5	-112.7	0.0
0.3	-18.24	25.61	0.0	-178.7	-125.9	0.0
0.31	-19.98	24.29	0.0	-169.1	-138.5	0.0
0.32	-21.62	22.84	0.0	-158.6	-150.4	0.0
0.33	-23.14	21.28	0.0	-147.3	-161.6	0.0
0.34	-24.56	19.62	0.0	-135.2	-171.9	0.0
0.35	-25.85	17.85	0.0	-122.5	-181.4	0.0
0.36	-27.0	15.99	0.0	-109.1	-190.0	0.0
0.37	-28.02	14.06	0.0	-95.11	-197.6	0.0
0.38	-28.9	12.05	0.0	-80.62	-204.2	0.0
0.39	-29.63	9.976	0.0	-65.68	-209.9	0.0
0.4	-30.21	7.854	0.0	-50.36	-214.4	0.0
0.41	-30.64	5.693	0.0	-34.73	-217.9	0.0
0.42	-30.91	3.502	0.0	-18.85	-220.3	0.0
0.43	-31.02	1.293	0.0	-2.813	-221.5	0.0
0.44	-30.96	-0.9224	0.0	13.31	-221.6	0.0
0.45	-30.75	-3.133	0.0	29.44	-220.5	0.0
0.46	-30.38	-5.327	0.0	45.49	-218.3	0.0
0.47	-29.84	-7.494	0.0	61.39	-214.9	0.0
0.48	-29.15	-9.621	0.0	77.03	-210.4	0.0
0.49	-28.3	-11.7	0.0	92.35	-204.7	0.0
0.5	-27.3	-13.71	0.0	107.2	-197.9	0.0
0.51	-26.16	-15.65	0.0	121.6	-190.0	0.0
0.52	-24.87	-17.5	0.0	135.4	-181.0	0.0
0.53	-23.45	-19.26	0.0	148.6	-171.0	0.0
0.54	-21.91	-20.92	0.0	161.0	-160.1	0.0
0.55	-20.24	-22.46	0.0	172.5	-148.2	0.0
0.56	-18.46	-23.88	0.0	183.2	-135.4	0.0
0.57	-16.58	-25.17	0.0	192.8	-121.9	0.0
0.58	-14.61	-26.31	0.0	201.5	-107.6	0.0
0.59	-12.56	-27.32	0.0	209.0	-92.75	0.0
0.6	-10.44	-28.17	0.0	215.4	-77.32	0.0
0.61	-8.255	-28.86	0.0	220.6	-61.42	0.0
0.62	-6.029	-29.39	0.0	224.6	-45.17	0.0
0.63	-3.769	-29.76	0.0	227.3	-28.65	0.0
0.64	-1.489	-29.97	0.0	228.8	-11.98	0.0
0.65	0.8004	-30.0	0.0	229.0	4.762	0.0
0.66	3.085	-29.87	0.0	227.9	21.46	0.0
0.67	5.352	-29.57	0.0	225.6	38.01	0.0
0.68	7.59	-29.11	0.0	222.0	54.31	0.0
0.69	9.786	-28.49	0.0	217.2	70.28	0.0
0.7	11.93	-27.71	0.0	211.1	85.81	0.0
0.71	14.0	-26.77	0.0	204.0	100.8	0.0
0.72	16.0	-25.69	0.0	195.8	115.2	0.0
0.73	17.91	-24.47	0.0	186.5	128.9	0.0
0.74	19.73	-23.12	0.0	176.3	141.9	0.0
0.75	21.43	-21.64	0.0	165.1	154.0	0.0
0.76	23.02	-20.04	0.0	153.1	165.3	0.0
0.77	24.49	-18.34	0.0	140.4	175.6	0.0
0.78	25.83	-16.54	0.0	126.9	184.9	0.0
0.79	27.03	-14.65	0.0	112.9	193.2	0.0
0.8	28.08	-12.68	0.0	98.3	200.4	0.0
0.81	28.99	-10.64	0.0	83.29	206.5	0.0
0.82	29.75	-8.554	0.0	67.91	211.6	0.0
0.83	30.35	-6.419	0.0	52.25	215.5	0.0
0.84	30.79	-4.251	0.0	36.39	218.2	0.0
0.85	31.08	-2.06	0.0	20.41	219.9	0.0
0.86	31.2	0.1407	0.0	4.384	220.3	0.0
0.87	31.16	2.341	0.0	-11.6	219.7	0.0
0.88	30.97	4.529	0.0	-27.48	218.0	0.0
0.89	30.61	6.695	0.0	-43.16	215.1	0.0
0.9	30.11	8.826	0.0	-58.59	211.2	0.0
0.91	29.44	10.91	0.0	-73.69	206.2	0.0
0.92	28.63	12.94	0.0	-88.39	200.1	0.0
0.93	27.68	14.91	0.0	-102.6	193.1	0.0
0.94	26.58	16.8	0.0	-116.3	185.1	0.0
0.95	25.36	18.61	0.0	-129.4	176.1	0.0
0.96	24.0	20.32	0.0	-141.9	166.3	0.0
0.97	22.52	21.93	0.0	-153.6	155.6	0.0
0.98	20.93	23.43	0.0	-164.6	144.2	0.0
0.99	19.23	24.81	0.0	-174.8	131.9	0.0
1.0	17.44	26.06	0.0	-184.1	119.0	0.0
1.01	15.55	27.18	0.0	-192.5	105.5	0.0
1.02	13.59	28.17	0.0	-199.9	91.37	0.0
1.03	11.56	29.01	0.0	-206.4	76.74	0.0
1.04	9.47	29.7	0.0	-211.8	61.66	0.0
1.05	7.331	30.24	0.0	-216.1	46.21	0.0
1.06	5.153	30.62	0.0	-219.3	30.46	0.0
1.07	2.949	30.85	0.0	-221.4	14.48	0.0
1.08	0.7302	30.91	0.0	-222.4	-1.646	0.0
1.09	-1.493	30.82	0.0	-222.2	-17.84	0.0
1.1	-3.708	30.56	0.0	-220.8	-34.02	0.0
1.11	-5.904	30.14	0.0	-218.3	-50.11	0.0
1.12	-8.068	29.56	0.0	-214.6	-66.0	0.0
1.13	-10.19	28.82	0.0	-209.7	-81.63	0.0
1.14	-12.26	27.92	0.0	-203.6	-96.89	0.0
1.15	-14.26	26.88	0.0	-196.5	-111.7	0.0
1.16	-16.18	25.69	0.0	-188.2	-126.0	0.0
1.17	-18.02	24.37	0.0	-178.9	-139.6	0.0
1.18	-19.75	22.9	0.0	-168.5	-152.6	0.0
1.19	-21.38	21.32	0.0	-157.2	-164.7	0.0
1.2	-22.89	19.61	0.0	-145.0	-176.0	0.0
1.21	-24.28	17.8	0.0	-132.0	-186.4	0.0
1.22	-25.53	15.89	0.0	-118.1	-195.7	0.0
1.23	-26.64	13.89	0.0	-103.6	-204.0	0.0
1.24	-27.6	11.82	0.0	-88.52	-211.2	0.0
1.25	-28.4	9.675	0.0	-72.9	-217.2	0.0
1.26	-29.05	7.479	0.0	-56.86	-222.0	0.0
1.27	-29.54	5.242	0.0	-40.49	-225.5	0.0
1.28	-29.86	2.975	0.0	-23.91	-227.8	0.0
1.29	-30.02	0.6917	0.0	-7.212	-228.8	0.0
1.3	-30.01	-1.595	0.0	9.505	-228.6	0.0
1.31	-29.83	-3.874	0.0	26.14	-227.1	0.0
1.32	-29.48	-6.13	0.0	42.59	-224.3	0.0
1.33	-28.98	-8.353	0.0	58.76	-220.3	0.0
1.34	-28.31	-10.53	0.0	74.55	-215.1	0.0
1.35	-27.49	-12.65	0.0	89.88	-208.7	0.0
1.36	-26.52	-14.7	0.0	104.7	-201.2	0.0
1.37	-25.4	-16.67	0.0	118.8	-192.7	0.0
1.38	-24.14	-18.55	0.0	132.2	-183.1	0.0
1.39	-22.76	-20.33	0.0	144.9	-172.6	0.0
1.4	-21.25	-22.0	0.0	156.7	-161.3	0.0
1.41	-19.63	-23.55	0.0	167.6	-149.1	0.0
1.42	-17.9	-24.97	0.0	177.6	-136.2	0.0
1.43	-16.08	-26.27	0.0	186.6	-122.6	0.0
1.44	-14.18	-27.42	0.0	194.6	-108.5	0.0
1.45	-12.19	-28.44	0.0	201.5	-93.86	0.0
1.46	-10.15	-29.3	0.0	207.3	-78.8	0.0
1.47	-8.054	-30.01	0.0	212.0	-63.4	0.0
1.48	-5.915	-30.57	0.0	215.7	-47.74	0.0
1.49	-3.746	-30.96	0.0	218.1	-31.9	0.0
1.5	-1.558	-31.2	0.0	219.5	-15.95	0.0
1.51	0.6381	-31.28	0.0	219.7	0.02267	0.0
1.52	2.831	-31.2	0.0	218.9	15.95	0.0
1.53	5.01	-30.96	0.0	216.9	31.75	0.0
1.54	7.163	-30.57	0.0	213.8	47.36	0.0
1.55	9.28	-30.02	0.0	209.6	62.69	0.0
1.56	11.35	-29.32	0.0	204.4	77.69	0.0
1.57	13.36	-28.47	0.0	198.2	92.29	0.0
1.58	15.31	-27.47	0.0	190.9	106.4	0.0
1.59	17.18	-26.34	0.0	182.7	120.0	0.0
1.6	18.96	-25.08	0.0	173.6	133.0	0.0
1.61	20.64	-23.68	0.0	163.6	145.3	0.0
1.62	22.23	-22.17	0.0	152.7	156.9	0.0
1.63	23.69	-20.55	0.0	141.1	167.8	0.0
1.64	25.04	-18.82	0.0	128.7	177.8	0.0
1.65	26.26	-17.0	0.0	115.6	186.9	0.0
1.66	27.35	-15.09	0.0	101.9	195.1	0.0
1.67	28.3	-13.1	0.0	87.62	202.3	0.0
1.68	29.1	-11.05	0.0	72.83	208.6	0.0
1.69	29.75	-8.936	0.0	57.61	213.7	0.0
1.7	30.25	-6.778	0.0	42.03	217.8	0.0
1.71	30.59	-4.585	0.0	26.15	220.8	0.0
1.72	30.77	-2.368	0.0	10.07	222.6	0.0
1.73	30.79	-0.1388	0.0	-6.153	223.3	0.0
1.74	30.65	2.091	0.0	-22.42	222.7	0.0
1.75	30.35	4.31	0.0	-38.65	221.0	0.0
1.76	29.88	6.506	0.0	-54.75	218.1	0.0
1.77	29.25	8.667	0.0	-70.64	214.1	0.0
1.78	28.47	10.78	0.0	-86.23	208.8	0.0
1.79	27.53	12.84	0.0	-101.4	202.4	0.0
1.8	26.44	14.82	0.0	-116.1	194.9	0.0
1.81	25.21	16.73	0.0	-130.3	186.2	0.0
1.82	23.84	18.54	0.0	-143.7	176.5	0.0
1.83	22.34	20.26	0.0	-156.5	165.8	0.0
1.84	20.71	21.86	0.0	-168.4	154.2	0.0
1.85	18.97	23.33	0.0	-179.4	141.7	0.0
1.86	17.13	24.68	0.0	-189.4	128.3	0.0
1.87	15.19	25.9	0.0	-198.4	114.2	0.0
1.88	13.17	26.97	0.0	-206.3	99.48	0.0
1.89	11.07	27.88	0.0	-213.1	84.16	0.0
1.9	8.911	28.65	0.0	-218.7	68.38	0.0
1.91	6.703	29.25	0.0	-223.0	52.22	0.0
1.92	4.457	29.69	0.0	-226.2	35.77	0.0
1.93	2.186	29.96	0.0	-228.0	19.16	0.0
1.94	-0.09731	30.07	0.0	-228.6	2.459	0.0
1.95	-2.38	30.01	0.0	-227.9	-14.21	0.0
1.96	-4.649	29.79	0.0	-226.0	-30.76	0.0
1.97	-6.893	29.4	0.0	-222.8	-47.09	0.0
1.98	-9.099	28.85	0.0	-218.4	-63.1	0.0
1.99	-11.25	28.14	0.0	-212.8	-78.7	0.0
2.0	-13.35	27.28	0.0	-206.1	-93.81	0.0
2.01	-15.37	26.27	0.0	-198.3	-108.3	0.0
2.02	-17.31	25.11	0.0	-189.5	-122.2	0.0
2.03	-19.16	23.83	0.0	-179.7	-135.4	0.0
2.04	-20.9	22.41	0.0	-169.0	-147.8	0.0
2.05	-22.53	20.87	0.0	-157.4	-159.3	0.0
2.06	-24.04	19.23	0.0	-145.1	-169.9	0.0
2.07	-25.43	17.48	0.0	-132.0	-179.6	0.0
2.08	-26.68	15.64	0.0	-118.4	-188.3	0.0
2.09	-27.79	13.72	0.0	-104.1	-195.9	0.0
2.1	-28.76	11.73	0.0	-89.44	-202.5	0.0
2.11	-29.58	9.676	0.0	-74.34	-208.1	0.0
2.12	-30.25	7.573	0.0	-58.93	-212.5	0.0
2.13	-30.76	5.431	0.0	-43.27	-215.9	0.0
2.14	-31.11	3.261	0.0	-27.45	-218.1	0.0
2.15	-31.31	1.075	0.0	-11.53	-219.2	0.0
2.16	-31.34	-1.117	0.0	4.401	-219.2	0.0
2.17	-31.22	-3.303	0.0	20.27	-218.1	0.0
2.18	-30.94	-5.472	0.0	36.01	-215.8	0.0
2.19	-30.5	-7.614	0.0	51.55	-212.5	0.0
2.2	-29.91	-9.718	0.0	66.81	-208.1	0.0
2.21	-29.16	-11.77	0.0	81.72	-202.7	0.0
2.22	-28.27	-13.77	0.0	96.22	-196.3	0.0
2.23	-27.24	-15.69	0.0	110.2	-188.8	0.0
2.24	-26.07	-17.54	0.0	123.7	-180.4	0.0
2.25	-24.77	-19.3	0.0	136.6	-171.1	0.0
2.26	-23.34	-20.96	0.0	148.8	-160.9	0.0
2.27	-21.8	-22.51	0.0	160.3	-149.9	0.0
2.28	-20.14	-23.95	0.0	170.9	-138.0	0.0
2.29	-18.38	-25.27	0.0	180.8	-125.4	0.0
2.3	-16.53	-26.46	0.0	189.7	-112.2	0.0
2.31	-14.59	-27.51	0.0	197.8	-98.29	0.0
2.32	-12.58	-28.42	0.0	204.8	-83.84	0.0
2.33	-10.5	-29.18	0.0	210.8	-68.89	0.0
2.34	-8.371	-29.79	0.0	215.7	-53.52	0.0
2.35	-6.195	-30.25	0.0	219.5	-37.79	0.0
2.36	-3.986	-30.55	0.0	222.2	-21.79	0.0
2.37	-1.757	-30.69	0.0	223.7	-5.594	0.0
2.38	0.4817	-30.66	0.0	224.0	10.71	0.0
2.39	2.718	-30.47	0.0	223.2	27.04	0.0
2.4	4.939	-30.12	0.0	221.1	43.31	0.0
2.41	7.134	-29.61	0.0	217.9	59.43	0.0
2.42	9.291	-28.93	0.0	213.4	75.29	0.0
2.43	11.4	-28.1	0.0	207.8	90.82	0.0
2.44	13.44	-27.12	0.0	201.0	105.9	0.0
2.45	15.41	-25.99	0.0	193.1	120.5	0.0
2.46	17.3	-24.71	0.0	184.1	134.5	0.0
2.47	19.09	-23.3	0.0	174.0	147.7	0.0
2.48	20.77	-21.76	0.0	162.9	160.2	0.0
2.49	22.34	-20.1	0.0	151.0	171.9	0.0
2.5	23.79	-18.33	0.0	138.1	182.6	0.0
2.51	25.1	-16.45	0.0	124.5	192.3	0.0
2.52	26.27	-14.49	0.0	110.1	200.9	0.0
2.53	27.3	-12.44	0.0	95.19	208.4	0.0
2.54	28.17	-10.32	0.0	79.7	214.8	0.0
2.55	28.89	-8.15	0.0	63.78	219.9	0.0
2.56	29.45	-5.931	0.0	47.52	223.9	0.0
2.57	29.84	-3.679	0.0	31.03	226.5	0.0
2.58	30.07	-1.407	0.0	14.4	227.9	0.0
2.59	30.13	0.8734	0.0	-2.267	228.1	0.0
2.6	30.02	3.149	0.0	-18.87	227.0	0.0
2.61	29.75	5.407	0.0	-35.31	224.6	0.0
2.62	29.32	7.635	0.0	-51.49	221.1	0.0
2.63	28.72	9.822	0.0	-67.33	216.3	0.0
2.64	27.97	11.96	0.0	-82.73	210.4	0.0
2.65	27.07	14.02	0.0	-97.62	203.4	0.0
2.66	26.02	16.02	0.0	-111.9	195.3	0.0
2.67	24.84	17.92	0.0	-125.5	186.2	0.0
2.68	23.52	19.74	0.0	-138.4	176.1	0.0
2.69	22.07	21.44	0.0	-150.5	165.2	0.0
2.7	20.51	23.04	0.0	-161.7	153.5	0.0
2.71	18.84	24.51	0.0	-172.1	141.0	0.0
2.72	17.07	25.85	0.0	-181.4	127.9	0.0
2.73	15.22	27.06	0.0	-189.8	114.1	0.0
2.74	13.28	28.13	0.0	-197.2	99.8	0.0
2.75	11.28	29.06	0.0	-203.6	85.05	0.0
2.76	9.217	29.83	0.0	-208.8	69.93	0.0
2.77	7.108	30.45	0.0	-213.0	54.5	0.0
2.78	4.963	30.92	0.0	-216.1	38.84	0.0
2.79	2.792	31.23	0.0	-218.1	23.03	0.0
2.8	0.6071	31.38	0.0	-218.9	7.136	0.0
2.81	-1.581	31.37	0.0	-218.7	-8.76	0.0
2.82	-3.761	31.21	0.0	-217.3	-24.59	0.0
2.83	-5.922	30.88	0.0	-214.9	-40.27	0.0
2.84	-8.053	30.4	0.0	-211.3	-55.75	0.0
2.85	-10.14	29.77	0.0	-206.8	-70.94	0.0
2.86	-12.18	28.98	0.0	-201.1	-85.77	0.0
2.87	-14.16	28.05	0.0	-194.5	-100.2	0.0
2.88	-16.07	26.98	0.0	-186.8	-114.1	0.0
2.89	-17.89	25.77	0.0	-178.2	-127.5	0.0
2.9	-19.63	24.44	0.0	-168.7	-140.2	0.0
2.91	-21.26	22.97	0.0	-158.3	-152.3	0.0
2.92	-22.79	21.39	0.0	-147.0	-163.6	0.0
2.93	-24.2	19.7	0.0	-135.0	-174.2	0.0
2.94	-25.48	17.91	0.0	-122.2	-183.9	0.0
2.95	-26.64	16.03	0.0	-108.7	-192.6	0.0
2.96	-27.65	14.07	0.0	-94.65	-200.4	0.0
2.97	-28.53	12.03	0.0	-80.02	-207.2	0.0
2.98	-29.25	9.927	0.0	-64.9	-213.0	0.0
2.99	-29.82	7.774	0.0	-49.37	-217.6	0.0
3.0	-30.24	5.581	0.0	-33.5	-221.2	0.0
3.01	-30.49	3.357	0.0	-17.37	-223.5	0.0
3.02	-30.58	1.116	0.0	-1.065	-224.7	0.0
3.03	-30.51	-1.131	0.0	15.32	-224.7	0.0
3.04	-30.28	-3.372	0.0	31.71	-223.5	0.0
3.05	-29.88	-5.595	0.0	48.0	-221.1	0.0
3.06	-29.32	-7.788	0.0	64.11	-217.4	0.0
3.07	-28.6	-9.938	0.0	79.94	-212.6	0.0
3.08	-27.72	-12.03	0.0	95.39	-206.6	0.0
3.09	-26.69	-14.06	0.0	110.4	-199.4	0.0
3.1	-25.52	-16.02	0.0	124.8	-191.1	0.0
3.11	-24.2	-17.88	0.0	138.6	-181.7	0.0
3.12	-22.75	-19.64	0.0	151.6	-171.2	0.0
3.13	-21.17	-21.3	0.0	163.8	-159.8	0.0
3.14	-19.48	-22.84	0.0	175.2	-147.5	0.0
3.15	-17.67	-24.25	0.0	185.5	-134.4	0.0
3.16	-15.77	-25.52	0.0	194.9	-120.5	0.0
3.17	-13.78	-26.65	0.0	203.1	-105.9	0.0
3.18	-11.71	-27.64	0.0	210.3	-90.79	0.0
3.19	-9.582	-28.47	0.0	216.2	-75.15	0.0
3.2	-7.396	-29.14	0.0	220.9	-59.12	0.0
3.21	-5.17	-29.65	0.0	224.4	-42.8	0.0
3.22	-2.914	-29.99	0.0	226.6	-26.28	0.0
3.23	-0.6431	-30.17	0.0	227.6	-9.662	0.0
3.24	1.632	-30.19	0.0	227.4	6.95	0.0
3.25	3.898	-30.03	0.0	225.8	23.46	0.0
3.26	6.142	-29.72	0.0	223.1	39.78	0.0
3.27	8.354	-29.24	0.0	219.2	55.81	0.0
3.28	10.52	-28.6	0.0	214.0	71.46	0.0
3.29	12.63	-27.81	0.0	207.8	86.66	0.0
3.3	14.67	-26.87	0.0	200.5	101.3	0.0
3.31	16.63	-25.79	0.0	192.1	115.4	0.0
3.32	18.51	-24.57	0.0	182.8	128.7	0.0
3.33	20.29	-23.22	0.0	172.6	141.3	0.0
3.34	21.96	-21.75	0.0	161.5	153.2	0.0
3.35	23.51	-20.16	0.0	149.6	164.1	0.0
3.36	24.94	-18.47	0.0	137.0	174.2	0.0
3.37	26.25	-16.68	0.0	123.7	183.3	0.0
3.38	27.42	-14.81	0.0	109.9	191.4	0.0
3.39	28.44	-12.86	0.0	95.51	198.5	0.0
3.4	29.32	-10.84	0.0	80.71	204.6	0.0
3.41	30.05	-8.771	0.0	65.55	209.6	0.0
3.42	30.63	-6.656	0.0	50.11	213.5	0.0
3.43	31.06	-4.507	0.0	34.44	216.3	0.0
3.44	31.32	-2.334	0.0	18.64	218.1	0.0
3.45	31.43	-0.1505	0.0	2.762	218.7	0.0
3.46	31.38	2.034	0.0	-13.11	218.2	0.0
3.47	31.17	4.209	0.0	-28.9	216.7	0.0
3.48	30.8	6.362	0.0	-44.54	214.0	0.0
3.49	30.28	8.483	0.0	-59.97	210.2	0.0
3.5	29.6	10.56	0.0	-75.1	205.4	0.0
3.51	28.78	12.59	0.0	-89.87	199.6	0.0
3.52	27.81	14.55	0.0	-104.2	192.7	0.0
3.53	26.69	16.44	0.0	-118.0	184.8	0.0
3.54	25.45	18.24	0.0	-131.3	176.0	0.0
3.55	24.07	19.95	0.0	-144.0	166.3	0.0
3.56	22.57	21.56	0.0	-155.9	155.6	0.0
3.57	20.96	23.06	0.0	-167.1	144.2	0.0
3.58	19.23	24.44	0.0	-177.5	131.9	0.0
3.59	17.41	25.69	0.0	-187.0	118.9	0.0
3.6	15.5	26.81	0.0	-195.5	105.2	0.0
3.61	13.51	27.8	0.0	-203.1	90.97	0.0
3.62	11.44	28.63	0.0	-209.7	76.15	0.0
3.63	9.32	29.32	0.0	-215.1	60.85	0.0
3.64	7.146	29.85	0.0	-219.5	45.15	0.0
3.65	4.935	30.22	0.0	-222.7	29.13	0.0
3.66	2.698	30.43	0.0	-224.8	12.88	0.0
3.67	0.4458	30.47	0.0	-225.6	-3.521	0.0
3.68	-1.809	30.36	0.0	-225.3	-19.98	0.0
3.69	-4.053	30.08	0.0	-223.7	-36.41	0.0
3.7	-6.276	29.63	0.0	-220.8	-52.71	0.0
3.71	-8.464	29.02	0.0	-216.8	-68.79	0.0
3.72	-10.61	28.26	0.0	-211.5	-84.56	0.0
3.73	-12.69	27.33	0.0	-205.1	-99.91	0.0
3.74	-14.7	26.26	0.0	-197.5	-114.8	0.0
3.75	-16.63	25.04	0.0	-188.8	-129.0	0.0
3.76	-18.47	23.68	0.0	-179.1	-142.6	0.0
3.77	-20.21	22.19	0.0	-168.3	-155.3	0.0
3.78	-21.83	20.58	0.0	-156.5	-167.3	0.0
3.79	-23.34	18.85	0.0	-143.9	-178.3	0.0
3.8	-24.71	17.02	0.0	-130.5	-188.3	0.0
3.81	-25.94	15.09	0.0	-116.4	-197.3	0.0
3.82	-27.03	13.08	0.0	-101.6	-205.1	0.0
3.83	-27.97	11.0	0.0	-86.3	-211.8	0.0
3.84	-28.76	8.849	0.0	-70.54	-217.3	0.0
3.85	-29.38	6.654	0.0	-54.42	-221.6	0.0
3.86	-29.84	4.423	0.0	-38.06	-224.7	0.0
3.87	-30.14	2.167	0.0	-21.54	-226.5	0.0
3.88	-30.27	-0.1012	0.0	-4.958	-227.1	0.0
3.89	-30.24	-2.369	0.0	11.58	-226.4	0.0
3.9	-30.04	-4.623	0.0	27.98	-224.5	0.0
3.91	-29.68	-6.853	0.0	44.16	-221.4	0.0
3.92	-29.16	-9.045	0.0	60.03	-217.1	0.0
3.93	-28.48	-11.19	0.0	75.49	-211.7	0.0
3.94	-27.65	-13.27	0.0	90.48	-205.1	0.0
3.95	-26.68	-15.29	0.0	104.9	-197.6	0.0
3.96	-25.56	-17.22	0.0	118.7	-189.0	0.0
3.97	-24.31	-19.06	0.0	131.8	-179.4	0.0
3.98	-22.93	-20.8	0.0	144.2	-169.0	0.0
3.99	-21.43	-22.44	0.0	155.7	-157.7	0.0
4.0	-19.82	-23.95	0.0	166.4	-145.7	0.0
4.01	-18.1	-25.35	0.0	176.2	-133.0	0.0
4.02	-16.3	-26.61	0.0	185.1	-119.6	0.0
4.03	-14.41	-27.74	0.0	192.9	-105.7	0.0
4.04	-12.44	-28.72	0.0	199.8	-91.26	0.0
4.05	-10.41	-29.56	0.0	205.6	-76.41	0.0
4.06	-8.335	-30.25	0.0	210.4	-61.22	0.0
4.07	-6.212	-30.78	0.0	214.1	-45.75	0.0
4.08	-4.059	-31.16	0.0	216.7	-30.07	0.0
4.09	-1.884	-31.38	0.0	218.2	-14.27	0.0
4.1	0.2993	-31.45	0.0	218.6	1.6	0.0
4.11	2.482	-31.35	0.0	217.9	17.45	0.0
4.12	4.651	-31.1	0.0	216.1	33.22	0.0
4.13	6.798	-30.69	0.0	213.2	48.83	0.0
4.14	8.91	-30.12	0.0	209.2	64.21	0.0
4.15	10.98	-29.41	0.0	204.2	79.29	0.0
4.16	12.99	-28.54	0.0	198.1	94.0	0.0
4.17	14.93	-27.53	0.0	191.0	108.3	0.0
4.18	16.8	-26.38	0.0	182.9	122.0	0.0
4.19	18.59	-25.09	0.0	173.8	135.2	0.0
4.2	20.27	-23.68	0.0	163.9	147.7	0.0
4.21	21.86	-22.14	0.0	153.0	159.5	0.0
4.22	23.33	-20.49	0.0	141.3	170.6	0.0
4.23	24.68	-18.73	0.0	128.8	180.8	0.0
4.24	25.9	-16.88	0.0	115.6	190.1	0.0
4.25	26.99	-14.94	0.0	101.7	198.4	0.0
4.26	27.93	-12.92	0.0	87.22	205.8	0.0
4.27	28.73	-10.83	0.0	72.2	212.0	0.0
4.28	29.38	-8.68	0.0	56.72	217.2	0.0
4.29	29.86	-6.487	0.0	40.86	221.3	0.0
4.3	30.19	-4.26	0.0	24.7	224.2	0.0
4.31	30.36	-2.009	0.0	8.33	225.9	0.0
4.32	30.36	0.2522	0.0	-8.162	226.4	0.0
4.33	30.19	2.512	0.0	-24.68	225.6	0.0
4.34	29.86	4.758	0.0	-41.14	223.6	0.0
4.35	29.37	6.978	0.0	-57.43	220.4	0.0
4.36	28.72	9.16	0.0	-73.46	215.9	0.0
4.37	27.9	11.29	0.0	-89.13	210.3	0.0
4.38	26.94	13.36	0.0	-104.4	203.4	0.0
4.39	25.82	15.35	0.0	-119.0	195.5	0.0
4.4	24.56	17.26	0.0	-133.1	186.4	0.0
4.41	23.16	19.08	0.0	-146.4	176.2	0.0
4.42	21.64	20.78	0.0	-158.9	165.1	0.0
4.43	19.99	22.37	0.0	-170.5	153.0	0.0
4.44	18.23	23.84	0.0	-181.2	140.1	0.0
4.45	16.37	25.17	0.0	-190.8	126.5	0.0
4.46	14.42	26.37	0.0	-199.4	112.1	0.0
4.47	12.39	27.41	0.0	-206.9	97.18	0.0
4.48	10.29	28.31	0.0	-213.1	81.73	0.0
4.49	8.131	29.04	0.0	-218.2	65.87	0.0
4.5	5.929	29.62	0.0	-222.1	49.7	0.0
4.51	3.695	30.04	0.0	-224.8	33.32	0.0
4.52	1.44	30.29	0.0	-226.2	16.82	0.0
4.53	-0.8223	30.37	0.0	-226.3	0.3009	0.0
4.54	-3.08	30.29	0.0	-225.3	-16.15	0.0
4.55	-5.322	30.05	0.0	-223.0	-32.43	0.0
4.56	-7.534	29.65	0.0	-219.5	-48.46	0.0
4.57	-9.707	29.08	0.0	-214.9	-64.15	0.0
4.58	-11.83	28.37	0.0	-209.2	-79.43	0.0
4.59	-13.89	27.5	0.0	-202.4	-94.21	0.0
4.6	-15.87	26.49	0.0	-194.6	-108.4	0.0
4.61	-17.77	25.33	0.0	-185.8	-122.0	0.0
4.62	-19.58	24.05	0.0	-176.0	-134.9	0.0
4.63	-21.29	22.64	0.0	-165.4	-147.0	0.0
4.64	-22.89	21.11	0.0	-154.0	-158.3	0.0
4.65	-24.36	19.48	0.0	-141.8	-168.7	0.0
4.66	-25.72	17.74	0.0	-129.0	-178.3	0.0
4.67	-26.94	15.92	0.0	-115.5	-186.9	0.0
4.68	-28.03	14.01	0.0	-101.5	-194.5	0.0
4.69	-28.97	12.03	0.0	-87.05	-201.1	0.0
4.7	-29.77	9.993	0.0	-72.15	-206.7	0.0
4.71	-30.41	7.903	0.0	-56.92	-211.2	0.0
4.72	-30.9	5.773	0.0	-41.42	-214.7	0.0
4.73	-31.24	3.615	0.0	-25.73	-217.1	0.0
4.74	-31.42	1.437	0.0	-9.909	-218.3	0.0
4.75	-31.44	-0.7469	0.0	5.96	-218.5	0.0
4.76	-31.3	-2.927	0.0	21.81	-217.6	0.0
4.77	-31.0	-5.093	0.0	37.56	-215.6	0.0
4.78	-30.55	-7.233	0.0	53.15	-212.4	0.0
4.79	-29.94	-9.337	0.0	68.49	-208.2	0.0
4.8	-29.18	-11.39	0.0	83.52	-203.0	0.0
4.81	-28.27	-13.39	0.0	98.17	-196.6	0.0
4.82	-27.22	-15.32	0.0	112.4	-189.3	0.0
4.83	-26.03	-17.17	0.0	126.0	-181.0	0.0
4.84	-24.7	-18.94	0.0	139.1	-171.7	0.0
4.85	-23.25	-20.6	0.0	151.5	-161.4	0.0
4.86	-21.67	-22.16	0.0	163.2	-150.3	0.0
4.87	-19.99	-23.6	0.0	174.0	-138.4	0.0
4.88	-18.2	-24.92	0.0	184.1	-125.7	0.0
4.89	-16.31	-26.11	0.0	193.2	-112.2	0.0
4.9	-14.34	-27.16	0.0	201.3	-98.1	0.0
4.91	-12.29	-28.07	0.0	208.4	-83.4	0.0
4.92	-10.18	-28.83	0.0	214.4	-68.17	0.0
4.93	-8.009	-29.43	0.0	219.3	-52.51	0.0
4.94	-5.798	-29.88	0.0	223.0	-36.49	0.0
4.95	-3.555	-30.16	0.0	225.5	-20.19	0.0
4.96	-1.293	-30.28	0.0	226.9	-3.717	0.0
4.97	0.9756	-30.24	0.0	226.9	12.85	0.0
4.98	3.239	-30.02	0.0	225.8	29.41	0.0
4.99	5.485	-29.65	0.0	223.4	45.87	0.0
5.0	7.7	-29.11	0.0	219.7	62.13	0.0
5.01	9.873	-28.41	0.0	214.9	78.08	0.0
5.02	11.99	-27.55	0.0	208.8	93.64	0.0
5.03	14.04	-26.54	0.0	201.5	108.7	0.0
5.04	16.02	-25.38	0.0	193.1	123.2	0.0
5.05	17.9	-24.08	0.0	183.7	137.0	0.0
5.06	19.68	-22.64	0.0	173.2	150.0	0.0
5.07	21.36	-21.08	0.0	161.7	162.2	0.0
5.08	22.91	-19.4	0.0	149.4	173.5	0.0
5.09	24.34	-17.61	0.0	136.2	183.8	0.0
5.1	25.63	-15.73	0.0	122.3	193.1	0.0
5.11	26.78	-13.76	0.0	107.8	201.3	0.0
5.12	27.79	-11.71	0.0	92.67	208.3	0.0
5.13	28.64	-9.595	0.0	77.11	214.2	0.0
5.14	29.33	-7.43	0.0	61.18	218.9	0.0
5.15	29.86	-5.224	0.0	44.98	222.4	0.0
5.16	30.23	-2.989	0.0	28.6	224.6	0.0
5.17	30.43	-0.7378	0.0	12.14	225.6	0.0
5.18	30.47	1.517	0.0	-4.302	225.4	0.0
5.19	30.34	3.764	0.0	-20.65	224.0	0.0
5.2	30.06	5.991	0.0	-36.8	221.4	0.0
5.21	29.61	8.186	0.0	-52.68	217.6	0.0
5.22	29.01	10.34	0.0	-68.2	212.7	0.0
5.23	28.25	12.43	0.0	-83.28	206.7	0.0
5.24	27.34	14.47	0.0	-97.86	199.6	0.0
5.25	26.29	16.42	0.0	-111.9	191.6	0.0
5.26	25.11	18.29	0.0	-125.2	182.6	0.0
5.27	23.79	20.07	0.0	-137.9	172.6	0.0
5.28	22.36	21.74	0.0	-149.7	161.9	0.0
5.29	20.8	23.3	0.0	-160.8	150.3	0.0
5.3	19.14	24.74	0.0	-171.0	138.0	0.0
5.31	17.39	26.06	0.0	-180.3	125.1	0.0
5.32	15.54	27.24	0.0	-188.7	111.5	0.0
5.33	13.62	28.29	0.0	-196.1	97.44	0.0
5.34	11.62	29.19	0.0	-202.5	82.88	0.0
5.35	9.572	29.94	0.0	-207.9	67.93	0.0
5.36	7.472	30.55	0.0	-212.2	52.65	0.0
5.37	5.334	30.99	0.0	-215.4	37.12	0.0
5.38	3.169	31.29	0.0	-217.5	21.39	0.0
5.39	0.9888	31.42	0.0	-218.6	5.554	0.0
5.4	-1.197	31.4	0.0	-218.5	-10.33	0.0
5.41	-3.377	31.22	0.0	-217.4	-26.18	0.0
5.42	-5.539	30.87	0.0	-215.1	-41.92	0.0
5.43	-7.674	30.38	0.0	-211.8	-57.49	0.0
5.44	-9.769	29.73	0.0	-207.3	-72.81	0.0
5.45	-11.81	28.92	0.0	-201.8	-87.8	0.0
5.46	-13.8	27.97	0.0	-195.2	-102.4	0.0
5.47	-15.71	26.88	0.0	-187.6	-116.5	0.0
5.48	-17.55	25.64	0.0	-179.0	-130.1	0.0
5.49	-19.29	24.28	0.0	-169.5	-143.1	0.0
5.5	-20.93	22.79	0.0	-159.0	-155.3	0.0
5.51	-22.47	21.18	0.0	-147.6	-166.8	0.0
5.52	-23.88	19.45	0.0	-135.4	-177.5	0.0
5.53	-25.17	17.63	0.0	-122.4	-187.4	0.0
5.54	-26.33	15.71	0.0	-108.7	-196.2	0.0
5.55	-27.34	13.71	0.0	-94.4	-204.1	0.0
5.56	-28.21	11.64	0.0	-79.48	-210.9	0.0
5.57	-28.93	9.498	0.0	-64.05	-216.6	0.0
5.58	-29.49	7.309	0.0	-48.21	-221.2	0.0
5.59	-29.89	5.081	0.0	-32.04	-224.5	0.0
5.6	-30.13	2.825	0.0	-15.62	-226.7	0.0
5.61	-30.2	0.5533	0.0	0.9508	-227.6	0.0
5.62	-30.11	-1.721	0.0	17.58	-227.3	0.0
5.63	-29.85	-3.986	0.0	34.16	-225.7	0.0
5.64	-29.43	-6.229	0.0	50.6	-222.9	0.0
5.65	-28.84	-8.438	0.0	66.79	-218.8	0.0
5.66	-28.09	-10.6	0.0	82.65	-213.5	0.0
5.67	-27.19	-12.7	0.0	98.07	-207.0	0.0
5.68	-26.13	-14.73	0.0	113.0	-199.3	0.0
5.69	-24.93	-16.68	0.0	127.2	-190.6	0.0
5.7	-23.59	-18.54	0.0	140.8	-180.7	0.0
5.71	-22.12	-20.29	0.0	153.5	-169.9	0.0
5.72	-20.53	-21.93	0.0	165.4	-158.1	0.0
5.73	-18.82	-23.45	0.0	176.3	-145.5	0.0
5.74	-17.01	-24.84	0.0	186.3	-132.1	0.0
5.75	-15.1	-26.09	0.0	195.2	-118.0	0.0
5.76	-13.11	-27.2	0.0	203.0	-103.3	0.0
5.77	-11.05	-28.15	0.0	209.6	-88.09	0.0
5.78	-8.922	-28.96	0.0	215.1	-72.45	0.0
5.79	-6.75	-29.6	0.0	219.3	-56.48	0.0
5.8	-4.541	-30.09	0.0	222.4	-40.27	0.0
5.81	-2.308	-30.41	0.0	224.3	-23.92	0.0
5.82	-0.0624	-30.56	0.0	224.9	-7.516	0.0
5.83	2.184	-30.56	0.0	224.3	8.845	0.0
5.84	4.418	-30.39	0.0	222.6	25.08	0.0
5.85	6.629	-30.06	0.0	219.6	41.1	0.0
5.86	8.805	-29.57	0.0	215.6	56.82	0.0
5.87	10.94	-28.92	0.0	210.4	72.17	0.0
5.88	13.01	-28.13	0.0	204.1	87.07	0.0
5.89	15.01	-27.18	0.0	196.9	101.4	0.0
5.9	16.94	-26.1	0.0	188.6	115.2	0.0
5.91	18.78	-24.88	0.0	179.4	128.4	0.0
5.92	20.52	-23.54	0.0	169.3	140.8	0.0
5.93	22.16	-22.07	0.0	158.4	152.5	0.0
5.94	23.69	-20.49	0.0	146.7	163.3	0.0
5.95	25.09	-18.81	0.0	134.3	173.3	0.0
5.96	26.37	-17.03	0.0	121.2	182.4	0.0
5.97	27.51	-15.16	0.0	107.6	190.6	0.0
5.98	28.52	-13.22	0.0	93.38	197.8	0.0
5.99	29.38	-11.21	0.0	78.76	203.9	0.0
6.0	30.09	-9.148	0.0	63.74	209.1	0.0
6.01	30.65	-7.037	0.0	48.41	213.2	0.0
6.02	31.06	-4.89	0.0	32.82	216.2	0.0
6.03	31.31	-2.719	0.0	17.06	218.1	0.0
6.04	31.4	-0.5338	0.0	1.193	218.9	0.0
6.05	31.33	1.654	0.0	-14.71	218.6	0.0
6.06	31.1	3.833	0.0	-30.57	217.2	0.0
6.07	30.72	5.993	0.0	-46.32	214.7	0.0
6.08	30.18	8.122	0.0	-61.88	211.1	0.0
6.09	29.48	10.21	0.0	-77.17	206.4	0.0
6.1	28.64	12.25	0.0	-92.12	200.7	0.0
6.11	27.64	14.22	0.0	-106.7	193.8	0.0
6.12	26.51	16.12	0.0	-120.7	185.9	0.0
6.13	25.23	17.93	0.0	-134.2	177.1	0.0
6.14	23.83	19.65	0.0	-147.0	167.2	0.0
6.15	22.29	21.27	0.0	-159.2	156.5	0.0
6.16	20.65	22.78	0.0	-170.5	144.8	0.0
6.17	18.89	24.16	0.0	-181.0	132.4	0.0
6.18	17.03	25.42	0.0	-190.6	119.1	0.0
6.19	15.08	26.54	0.0	-199.2	105.2	0.0
6.2	13.05	27.52	0.0	-206.8	90.59	0.0
6.21	10.95	28.35	0.0	-213.3	75.45	0.0
6.22	8.791	29.03	0.0	-218.7	59.83	0.0
6.23	6.583	29.55	0.0	-222.9	43.82	0.0
6.24	4.339	29.9	0.0	-225.9	27.51	0.0
6.25	2.071	30.1	0.0	-227.6	10.98	0.0
6.26	-0.2076	30.12	0.0	-228.2	-5.664	0.0
6.27	-2.486	29.98	0.0	-227.4	-22.32	0.0
6.28	-4.75	29.68	0.0	-225.4	-38.9	0.0
6.29	-6.987	29.21	0.0	-222.1	-55.29	0.0
6.3	-9.186	28.57	0.0	-217.6	-71.4	0.0
6.31	-11.33	27.78	0.0	-211.9	-87.13	0.0
6.32	-13.42	26.83	0.0	-205.0	-102.4	0.0
6.33	-15.43	25.73	0.0	-196.9	-117.1	0.0
6.34	-17.35	24.49	0.0	-187.8	-131.1	0.0
6.35	-19.18	23.12	0.0	-177.6	-144.3	0.0
6.36	-20.9	21.61	0.0	-166.5	-156.8	0.0
6.37	-22.5	19.99	0.0	-154.4	-168.3	0.0
6.38	-23.98	18.25	0.0	-141.5	-178.9	0.0
6.39	-25.33	16.41	0.0	-127.9	-188.5	0.0
6.4	-26.54	14.48	0.0	-113.6	-197.0	0.0
6.41	-27.6	12.48	0.0	-98.8	-204.4	0.0
6.42	-28.51	10.4	0.0	-83.49	-210.6	0.0
6.43	-29.27	8.271	0.0	-67.78	-215.7	0.0
6.44	-29.87	6.094	0.0	-51.78	-219.6	0.0
6.45	-30.3	3.885	0.0	-35.58	-222.3	0.0
6.46	-30.58	1.655	0.0	-19.27	-223.8	0.0
6.47	-30.69	-0.5844	0.0	-2.94	-224.1	0.0
6.48	-30.64	-2.82	0.0	13.33	-223.2	0.0
6.49	-30.42	-5.042	0.0	29.44	-221.1	0.0
6.5	-30.05	-7.236	0.0	45.33	-217.9	0.0
6.51	-29.52	-9.393	0.0	60.9	-213.5	0.0
6.52	-28.83	-11.5	0.0	76.08	-208.1	0.0
6.53	-28.0	-13.55	0.0	90.8	-201.6	0.0
6.54	-27.02	-15.53	0.0	105.0	-194.1	0.0
6.55	-25.9	-17.43	0.0	118.6	-185.6	0.0
6.56	-24.65	-19.24	0.0	131.5	-176.2	0.0
6.57	-23.27	-20.95	0.0	143.8	-166.0	0.0
6.58	-21.78	-22.55	0.0	155.2	-154.9	0.0
6.59	-20.17	-24.04	0.0	165.9	-143.1	0.0
6.6	-18.47	-25.41	0.0	175.7	-130.5	0.0
6.61	-16.66	-26.65	0.0	184.6	-117.4	0.0
6.62	-14.78	-27.75	0.0	192.5	-103.6	0.0
6.63	-12.82	-28.72	0.0	199.5	-89.37	0.0
6.64	-10.8	-29.54	0.0	205.4	-74.66	0.0
6.65	-8.716	-30.21	0.0	210.4	-59.58	0.0
6.66	-6.593	-30.73	0.0	214.2	-44.18	0.0
6.67	-4.437	-31.09	0.0	217.0	-28.54	0.0
6.68	-2.258	-31.3	0.0	218.7	-12.72	0.0
6.69	-0.06812	-31.35	0.0	219.3	3.184	0.0
6.7	2.122	-31.23	0.0	218.8	19.12	0.0
6.71	4.302	-30.96	0.0	217.1	35.0	0.0
6.72	6.46	-30.53	0.0	214.4	50.75	0.0
6.73	8.584	-29.95	0.0	210.5	66.3	0.0
6.74	10.66	-29.21	0.0	205.6	81.57	0.0
6.75	12.69	-28.32	0.0	199.5	96.48	0.0
6.76	14.65	-27.28	0.0	192.4	111.0	0.0
6.77	16.53	-26.1	0.0	184.2	124.9	0.0
6.78	18.33	-24.79	0.0	175.1	138.3	0.0
6.79	20.03	-23.34	0.0	164.9	151.0	0.0
6.8	21.62	-21.77	0.0	153.9	163.0	0.0
6.81	23.1	-20.09	0.0	141.9	174.1	0.0
6.82	24.46	-18.29	0.0	129.2	184.4	0.0
6.83	25.68	-16.4	0.0	115.7	193.8	0.0
6.84	26.77	-14.42	0.0	101.5	202.1	0.0
6.85	27.71	-12.36	0.0	86.67	209.4	0.0
6.86	28.5	-10.24	0.0	71.32	215.6	0.0
6.87	29.13	-8.059	0.0	55.52	220.6	0.0
6.88	29.61	-5.833	0.0	39.35	224.4	0.0
6.89	29.92	-3.576	0.0	22.9	227.0	0.0
6.9	30.06	-1.299	0.0	6.286	228.4	0.0
6.91	30.04	0.9851	0.0	-10.41	228.5	0.0
6.92	29.86	3.264	0.0	-27.08	227.3	0.0
6.93	29.5	5.524	0.0	-43.63	224.8	0.0
6.94	28.98	7.754	0.0	-59.95	221.1	0.0
6.95	28.31	9.941	0.0	-75.94	216.2	0.0
6.96	27.47	12.07	0.0	-91.52	210.0	0.0
6.97	26.48	14.14	0.0	-106.6	202.7	0.0
6.98	25.34	16.12	0.0	-121.0	194.3	0.0
6.99	24.06	18.02	0.0	-134.8	184.8	0.0
7.0	22.65	19.81	0.0	-147.7	174.3	0.0
7.01	21.11	21.5	0.0	-159.9	162.8	0.0
7.02	19.46	23.06	0.0	-171.1	150.5	0.0
7.03	17.69	24.5	0.0	-181.3	137.4	0.0
7.04	15.83	25.81	0.0	-190.5	123.6	0.0
7.05	13.89	26.97	0.0	-198.6	109.2	0.0
7.06	11.87	27.99	0.0	-205.6	94.25	0.0
7.07	9.782	28.86	0.0	-211.5	78.86	0.0
7.08	7.644	29.57	0.0	-216.2	63.12	0.0
7.09	5.464	30.12	0.0	-219.7	47.11	0.0
7.1	3.256	30.51	0.0	-222.0	30.94	0.0
7.11	1.03	30.74	0.0	-223.2	14.68	0.0
7.12	-1.202	30.8	0.0	-223.1	-1.582	0.0
7.13	-3.427	30.7	0.0	-221.9	-17.75	0.0
7.14	-5.634	30.45	0.0	-219.5	-33.75	0.0
7.15	-7.812	30.03	0.0	-216.0	-49.5	0.0
7.16	-9.949	29.46	0.0	-211.4	-64.92	0.0
7.17	-12.04	28.73	0.0	-205.7	-79.94	0.0
7.18	-14.06	27.86	0.0	-199.0	-94.49	0.0
7.19	-16.01	26.85	0.0	-191.3	-108.5	0.0
7.2	-17.88	25.69	0.0	-182.7	-121.9	0.0
7.21	-19.66	24.41	0.0	-173.1	-134.7	0.0
7.22	-21.34	23.0	0.0	-162.7	-146.7	0.0
7.23	-22.91	21.48	0.0	-151.5	-158.0	0.0
7.24	-24.37	19.85	0.0	-139.5	-168.5	0.0
7.25	-25.7	18.12	0.0	-126.9	-178.1	0.0
7.26	-26.9	16.29	0.0	-113.6	-186.7	0.0
7.27	-27.97	14.39	0.0	-99.75	-194.5	0.0
7.28	-28.89	12.41	0.0	-85.39	-201.3	0.0
7.29	-29.67	10.37	0.0	-70.59	-207.0	0.0
7.3	-30.3	8.272	0.0	-55.42	-211.7	0.0
7.31	-30.78	6.137	0.0	-39.95	-215.4	0.0
7.32	-31.1	3.97	0.0	-24.24	-217.9	0.0
7.33	-31.26	1.783	0.0	-8.373	-219.4	0.0
7.34	-31.27	-0.4125	0.0	7.583	-219.8	0.0
7.35	-31.11	-2.606	0.0	23.55	-219.0	0.0
7.36	-30.8	-4.786	0.0	39.46	-217.1	0.0
7.37	-30.32	-6.942	0.0	55.22	-214.1	0.0
7.38	-29.69	-9.062	0.0	70.76	-209.9	0.0
7.39	-28.91	-11.13	0.0	86.01	-204.7	0.0
7.4	-27.97	-13.15	0.0	100.9	-198.3	0.0
7.41	-26.89	-15.1	0.0	115.3	-190.9	0.0
7.42	-25.67	-16.96	0.0	129.1	-182.4	0.0
7.43	-24.31	-18.74	0.0	142.4	-173.0	0.0
7.44	-22.83	-20.42	0.0	155.0	-162.5	0.0
7.45	-21.22	-21.99	0.0	166.8	-151.2	0.0
7.46	-19.5	-23.44	0.0	177.7	-138.9	0.0
7.47	-17.67	-24.76	0.0	187.8	-125.9	0.0
7.48	-15.75	-25.95	0.0	196.9	-112.1	0.0
7.49	-13.74	-27.0	0.0	204.9	-97.68	0.0
7.5	-11.65	-27.9	0.0	211.9	-82.63	0.0
7.51	-9.505	-28.65	0.0	217.7	-67.08	0.0
7.52	-7.305	-29.24	0.0	222.3	-51.1	0.0
7.53	-5.065	-29.67	0.0	225.7	-34.78	0.0
7.54	-2.796	-29.93	0.0	227.9	-18.24	0.0
7.55	-0.5124	-30.03	0.0	228.9	-1.552	0.0
7.56	1.774	-29.97	0.0	228.5	15.17	0.0
7.57	4.051	-29.73	0.0	226.9	31.83	0.0
7.58	6.306	-29.33	0.0	224.0	48.31	0.0
7.59	8.525	-28.77	0.0	219.8	64.54	0.0
7.6	10.7	-28.04	0.0	214.5	80.39	0.0
7.61	12.81	-27.16	0.0	207.9	95.78	0.0
7.62	14.85	-26.13	0.0	200.2	110.6	0.0
7.63	16.81	-24.95	0.0	191.4	124.8	0.0
7.64	18.67	-23.64	0.0	181.6	138.3	0.0
7.65	20.43	-22.19	0.0	170.8	151.0	0.0
7.66	22.08	-20.62	0.0	159.1	162.7	0.0
7.67	23.61	-18.94	0.0	146.5	173.6	0.0
7.68	25.01	-17.15	0.0	133.2	183.5	0.0
7.69	26.27	-15.27	0.0	119.3	192.3	0.0
7.7	27.39	-13.31	0.0	104.7	200.1	0.0
7.71	28.36	-11.28	0.0	89.68	206.7	0.0
7.72	29.18	-9.185	0.0	74.24	212.2	0.0
7.73	29.85	-7.041	0.0	58.47	216.5	0.0
7.74	30.35	-4.861	0.0	42.47	219.7	0.0
7.75	30.7	-2.654	0.0	26.33	221.7	0.0
7.76	30.88	-0.4332	0.0	10.13	222.5	0.0
7.77	30.9	1.79	0.0	-6.05	222.1	0.0
7.78	30.76	4.003	0.0	-22.12	220.6	0.0
7.79	30.46	6.196	0.0	-38.0	218.0	0.0
7.8	30.0	8.357	0.0	-53.62	214.2	0.0
7.81	29.39	10.47	0.0	-68.9	209.4	0.0
7.82	28.62	12.54	0.0	-83.77	203.5	0.0
7.83	27.71	14.54	0.0	-98.17	196.5	0.0
7.84	26.66	16.46	0.0	-112.0	188.6	0.0
7.85	25.48	18.31	0.0	-125.3	179.8	0.0
7.86	24.16	20.06	0.0	-137.9	170.1	0.0
7.87	22.72	21.7	0.0	-149.7	159.5	0.0
7.88	21.17	23.24	0.0	-160.8	148.1	0.0
7.89	19.51	24.66	0.0	-171.1	136.0	0.0
7.9	17.75	25.96	0.0	-180.5	123.3	0.0
7.91	15.91	27.13	0.0	-189.0	109.9	0.0
7.92	13.98	28.15	0.0	-196.5	95.9	0.0
7.93	11.98	29.04	0.0	-203.1	81.44	0.0
7.94	9.921	29.78	0.0	-208.7	66.54	0.0
7.95	7.812	30.37	0.0	-213.2	51.28	0.0
7.96	5.663	30.81	0.0	-216.6	35.72	0.0
7.97	3.485	31.08	0.0	-218.9	19.93	0.0
7.98	1.29	31.2	0.0	-220.1	3.997	0.0
7.99	-0.9117	31.16	0.0	-220.2	-12.01	0.0
8.0	-3.109	30.96	0.0	-219.2	-28.03	0.0
8.01	-5.29	30.6	0.0	-217.0	-43.96	0.0
8.02	-7.444	30.08	0.0	-213.7	-59.73	0.0
8.03	-9.559	29.41	0.0	-209.3	-75.26	0.0
8.04	-11.62	28.58	0.0	-203.7	-90.48	0.0
8.05	-13.63	27.6	0.0	-197.1	-105.3	0.0
8.06	-15.56	26.48	0.0	-189.3	-119.6	0.0
8.07	-17.41	25.21	0.0	-180.5	-133.4	0.0
8.08	-19.17	23.81	0.0	-170.8	-146.5	0.0
8.09	-20.82	22.29	0.0	-160.0	-158.9	0.0
8.1	-22.36	20.64	0.0	-148.3	-170.5	0.0
8.11	-23.78	18.88	0.0	-135.8	-181.2	0.0
8.12	-25.07	17.02	0.0	-122.5	-191.0	0.0
8.13	-26.23	15.07	0.0	-108.4	-199.8	0.0
8.14	-27.24	13.03	0.0	-93.74	-207.5	0.0
8.15	-28.1	10.92	0.0	-78.47	-214.1	0.0
8.16	-28.81	8.752	0.0	-62.73	-219.6	0.0
8.17	-29.35	6.535	0.0	-46.59	-223.8	0.0
8.18	-29.74	4.281	0.0	-30.15	-226.8	0.0
8.19	-29.95	2.004	0.0	-13.52	-228.6	0.0
8.2	-30.01	-0.2839	0.0	3.205	-229.1	0.0
8.21	-29.89	-2.57	0.0	19.93	-228.3	0.0
8.22	-29.61	-4.843	0.0	36.54	-226.2	0.0
8.23	-29.16	-7.088	0.0	52.95	-222.9	0.0
8.24	-28.55	-9.294	0.0	69.04	-218.3	0.0
8.25	-27.78	-11.45	0.0	84.73	-212.5	0.0
8.26	-26.86	-13.54	0.0	99.92	-205.6	0.0
8.27	-25.79	-15.55	0.0	114.5	-197.5	0.0
8.28	-24.57	-17.48	0.0	128.5	-188.4	0.0
8.29	-23.22	-19.32	0.0	141.6	-178.2	0.0
8.3	-21.74	-21.04	0.0	154.0	-167.1	0.0
8.31	-20.15	-22.65	0.0	165.4	-155.2	0.0
8.32	-18.44	-24.14	0.0	176.0	-142.4	0.0
8.33	-16.63	-25.5	0.0	185.5	-129.0	0.0
8.34	-14.73	-26.72	0.0	193.9	-114.9	0.0
8.35	-12.76	-27.79	0.0	201.3	-100.2	0.0
8.36	-10.71	-28.72	0.0	207.6	-85.11	0.0
8.37	-8.612	-29.49	0.0	212.7	-69.63	0.0
8.38	-6.465	-30.11	0.0	216.7	-53.85	0.0
8.39	-4.284	-30.57	0.0	219.6	-37.87	0.0
8.4	-2.08	-30.87	0.0	221.2	-21.77	0.0
8.41	0.135	-31.01	0.0	221.7	-5.628	0.0
8.42	2.349	-30.98	0.0	221.1	10.47	0.0
8.43	4.551	-30.8	0.0	219.3	26.44	0.0
8.44	6.73	-30.45	0.0	216.4	42.21	0.0
8.45	8.874	-29.95	0.0	212.4	57.71	0.0
8.46	10.97	-29.3	0.0	207.3	72.86	0.0
8.47	13.01	-28.5	0.0	201.2	87.59	0.0
8.48	14.99	-27.55	0.0	194.1	101.8	0.0
8.49	16.89	-26.46	0.0	186.0	115.5	0.0
8.5	18.71	-25.24	0.0	177.0	128.6	0.0
8.51	20.43	-23.9	0.0	167.1	141.1	0.0
8.52	22.04	-22.43	0.0	156.4	152.8	0.0
8.53	23.55	-20.84	0.0	144.9	163.7	0.0
8.54	24.94	-19.16	0.0	132.6	173.8	0.0
8.55	26.2	-17.37	0.0	119.7	183.0	0.0
8.56	27.33	-15.5	0.0	106.2	191.3	0.0
8.57	28.32	-13.55	0.0	92.08	198.7	0.0
8.58	29.17	-11.53	0.0	77.49	205.0	0.0
8.59	29.87	-9.456	0.0	62.49	210.4	0.0
8.6	30.42	-7.331	0.0	47.12	214.6	0.0
8.61	30.81	-5.168	0.0	31.47	217.8	0.0
8.62	31.04	-2.98	0.0	15.6	219.9	0.0
8.63	31.12	-0.7753	0.0	-0.4118	220.9	0.0
8.64	31.04	1.433	0.0	-16.48	220.7	0.0
8.65	30.79	3.634	0.0	-32.54	219.4	0.0
8.66	30.39	5.815	0.0	-48.5	216.9	0.0
8.67	29.82	7.967	0.0	-64.28	213.3	0.0
8.68	29.1	10.08	0.0	-79.8	208.6	0.0
8.69	28.23	12.13	0.0	-94.97	202.7	0.0
8.7	27.2	14.13	0.0	-109.7	195.7	0.0
8.71	26.04	16.04	0.0	-124.0	187.7	0.0
8.72	24.73	17.87	0.0	-137.6	178.5	0.0
8.73	23.29	19.61	0.0	-150.6	168.4	0.0
8.74	21.72	21.24	0.0	-162.8	157.3	0.0
8.75	20.04	22.75	0.0	-174.1	145.4	0.0
8.76	18.24	24.14	0.0	-184.6	132.5	0.0
8.77	16.35	25.4	0.0	-194.1	118.9	0.0
8.78	14.36	26.51	0.0	-202.6	104.6	0.0
8.79	12.3	27.49	0.0	-210.0	89.67	0.0
8.8	10.17	28.3	0.0	-216.2	74.19	0.0
8.81	7.984	28.97	0.0	-221.2	58.27	0.0
8.82	5.752	29.47	0.0	-225.1	41.99	0.0
8.83	3.488	29.81	0.0	-227.6	25.46	0.0
8.84	1.205	29.98	0.0	-229.0	8.774	0.0
8.85	-1.084	29.98	0.0	-229.0	-7.969	0.0
8.86	-3.368	29.82	0.0	-227.7	-24.66	0.0
8.87	-5.633	29.49	0.0	-225.2	-41.21	0.0
8.88	-7.867	29.0	0.0	-221.5	-57.5	0.0
8.89	-10.06	28.34	0.0	-216.5	-73.45	0.0
8.9	-12.19	27.53	0.0	-210.3	-88.95	0.0
8.91	-14.26	26.56	0.0	-203.0	-103.9	0.0
8.92	-16.25	25.45	0.0	-194.6	-118.3	0.0
8.93	-18.14	24.2	0.0	-185.1	-131.9	0.0
8.94	-19.94	22.82	0.0	-174.7	-144.8	0.0
8.95	-21.63	21.31	0.0	-163.4	-156.8	0.0
8.96	-23.21	19.69	0.0	-151.2	-168.0	0.0
8.97	-24.65	17.96	0.0	-138.3	-178.1	0.0
8.98	-25.97	16.13	0.0	-124.7	-187.3	0.0
8.99	-27.14	14.22	0.0	-110.4	-195.4	0.0
9.0	-28.17	12.23	0.0	-95.71	-202.5	0.0
9.01	-29.06	10.17	0.0	-80.55	-208.4	0.0
9.02	-29.78	8.064	0.0	-65.04	-213.2	0.0
9.03	-30.35	5.914	0.0	-49.27	-216.9	0.0
9.04	-30.77	3.733	0.0	-33.31	-219.4	0.0
9.05	-31.02	1.532	0.0	-17.25	-220.7	0.0
9.06	-31.11	-0.6765	0.0	-1.174	-221.0	0.0
9.07	-31.04	-2.882	0.0	14.84	-220.1	0.0
9.08	-30.82	-5.072	0.0	30.72	-218.0	0.0
9.09	-30.43	-7.236	0.0	46.39	-214.9	0.0
9.1	-29.89	-9.364	0.0	61.77	-210.6	0.0
9.11	-29.2	-11.44	0.0	76.8	-205.3	0.0
9.12	-28.36	-13.47	0.0	91.4	-199.0	0.0
9.13	-27.37	-15.42	0.0	105.5	-191.7	0.0
9.14	-26.25	-17.29	0.0	119.1	-183.4	0.0
9.15	-24.99	-19.08	0.0	132.0	-174.2	0.0
9.16	-23.61	-20.77	0.0	144.3	-164.2	0.0
9.17	-22.11	-22.36	0.0	155.8	-153.3	0.0
9.18	-20.5	-23.84	0.0	166.6	-141.6	0.0
9.19	-18.78	-25.19	0.0	176.5	-129.2	0.0
9.2	-16.97	-26.42	0.0	185.6	-116.2	0.0
9.21	-15.08	-27.51	0.0	193.7	-102.5	0.0
9.22	-13.1	-28.46	0.0	200.9	-88.26	0.0
9.23	-11.06	-29.27	0.0	207.0	-73.55	0.0
9.24	-8.968	-29.93	0.0	212.1	-58.42	0.0
9.25	-6.826	-30.44	0.0	216.2	-42.95	0.0
9.26	-4.65	-30.79	0.0	219.1	-27.19	0.0
9.27	-2.449	-30.98	0.0	221.0	-11.23	0.0
9.28	-0.236	-31.02	0.0	221.7	4.86	0.0
9.29	1.978	-30.89	0.0	221.2	20.99	0.0
9.3	4.183	-30.6	0.0	219.6	37.1	0.0
9.31	6.365	-30.14	0.0	216.8	53.08	0.0
9.32	8.513	-29.53	0.0	212.9	68.86	0.0
9.33	10.62	-28.77	0.0	207.8	84.36	0.0
9.34	12.66	-27.85	0.0	201.6	99.48	0.0
9.35	14.64	-26.78	0.0	194.3	114.1	0.0
9.36	16.54	-25.57	0.0	185.8	128.3	0.0
9.37	18.35	-24.22	0.0	176.4	141.8	0.0
9.38	20.07	-22.74	0.0	165.9	154.5	0.0
9.39	21.67	-21.13	0.0	154.5	166.5	0.0
9.4	23.15	-19.41	0.0	142.2	177.7	0.0
9.41	24.51	-17.58	0.0	129.1	187.9	0.0
9.42	25.73	-15.66	0.0	115.2	197.1	0.0
9.43	26.81	-13.65	0.0	100.6	205.2	0.0
9.44	27.74	-11.56	0.0	85.47	212.2	0.0
9.45	28.52	-9.409	0.0	69.8	218.0	0.0
9.46	29.13	-7.206	0.0	53.72	222.7	0.0
9.47	29.59	-4.962	0.0	37.33	226.1	0.0
9.48	29.88	-2.691	0.0	20.73	228.2	0.0
9.49	30.0	-0.4049	0.0	4.011	229.1	0.0
9.5	29.96	1.884	0.0	-12.72	228.6	0.0
9.51	29.75	4.162	0.0	-29.36	227.0	0.0
9.52	29.37	6.417	0.0	-45.81	224.0	0.0
9.53	28.83	8.636	0.0	-61.97	219.8	0.0
9.54	28.14	10.81	0.0	-77.74	214.5	0.0
9.55	27.28	12.92	0.0	-93.04	207.9	0.0
9.56	26.28	14.96	0.0	-107.8	200.2	0.0
9.57	25.13	16.92	0.0	-121.9	191.5	0.0
9.58	23.84	18.78	0.0	-135.2	181.8	0.0
9.59	22.43	20.55	0.0	-147.8	171.1	0.0
9.6	20.89	22.2	0.0	-159.5	159.5	0.0
9.61	19.24	23.74	0.0	-170.3	147.1	0.0
9.62	17.49	25.14	0.0	-180.2	134.1	0.0
9.63	15.65	26.41	0.0	-189.0	120.3	0.0
9.64	13.72	27.54	0.0	-196.8	106.0	0.0
9.65	11.72	28.53	0.0	-203.5	91.22	0.0
9.66	9.653	29.37	0.0	-209.1	76.01	0.0
9.67	7.539	30.05	0.0	-213.6	60.49	0.0
9.68	5.387	30.58	0.0	-216.9	44.72	0.0
9.69	3.206	30.94	0.0	-219.2	28.79	0.0
9.7	1.009	31.15	0.0	-220.3	12.78	0.0
9.71	-1.193	31.2	0.0	-220.2	-3.239	0.0
9.72	-3.389	31.09	0.0	-219.0	-19.18	0.0
9.73	-5.568	30.82	0.0	-216.7	-34.98	0.0
9.74	-7.719	30.39	0.0	-213.4	-50.55	0.0
9.75	-9.83	29.81	0.0	-208.9	-65.83	0.0
9.76	-11.89	29.07	0.0	-203.4	-80.75	0.0
9.77	-13.89	28.19	0.0	-196.9	-95.23	0.0
9.78	-15.82	27.17	0.0	-189.4	-109.2	0.0
9.79	-17.68	26.01	0.0	-180.9	-122.6	0.0
9.8	-19.44	24.72	0.0	-171.6	-135.5	0.0
9.81	-21.1	23.31	0.0	-161.3	-147.6	0.0
9.82	-22.66	21.77	0.0	-150.3	-159.0	0.0
9.83	-24.1	20.13	0.0	-138.4	-169.6	0.0
9.84	-25.43	18.39	0.0	-125.9	-179.3	0.0
9.85	-26.62	16.55	0.0	-112.6	-188.2	0.0
9.86	-27.68	14.63	0.0	-98.82	-196.2	0.0
9.87	-28.59	12.63	0.0	-84.45	-203.1	0.0
9.88	-29.36	10.57	0.0	-69.6	-209.1	0.0
9.89	-29.98	8.454	0.0	-54.34	-214.0	0.0
9.9	-30.45	6.296	0.0	-38.74	-217.8	0.0
9.91	-30.76	4.105	0.0	-22.87	-220.5	0.0
9.92	-30.9	1.892	0.0	-6.815	-222.0	0.0
9.93	-30.89	-0.33	0.0	9.354	-222.4	0.0
9.94	-30.72	-2.55	0.0	25.55	-221.7	0.0
9.95	-30.38	-4.758	0.0	41.69	-219.7	0.0
9.96	-29.88	-6.939	0.0	57.7	-216.6	0.0
9.97	-29.23	-9.084	0.0	73.47	-212.4	0.0
9.98	-28.42	-11.18	0.0	88.93	-206.9	0.0
9.99	-27.45	-13.22	0.0	104.0	-200.3	0.0
10.0	-26.34	-15.18	0.0	118.6	-192.7	0.0
10.01	-25.08	-17.06	0.0	132.5	-183.9	0.0
